 negf: iter    Charge      Bias [V]   Temperatu
negf:      1 1222.98685    0.08820    0.00190 Ry
negf:      2 1222.98686    0.08820    0.00190 Ry
