 negf: iter    Charge      Bias [V]   Temperatu
negf:      1 1222.98692    0.03675    0.00190 Ry
negf:      2 1222.98691    0.03675    0.00190 Ry
