                  24                  24
   1.9358845076E+000   4.1983540393E-001   3.9525210834E-003  -4.9632164581E-002  -6.8165825080E-003   3.0938177871E-002  -8.1058990300E-003   4.0207391753E-002   3.1568930412E-003  -1.2068643757E-002   1.6107687269E-003  -5.8685366647E-003   0.0000000000E+000   0.0000000000E+000   1.3361892689E-004  -6.3885378358E-004   3.3249432834E-003  -1.1108873548E-002  -8.1058990264E-003   4.0207391740E-002  -6.8165825083E-003   3.0938177876E-002   3.9525210801E-003  -4.9632164562E-002
   4.1983540393E-001   8.0624084776E-001  -4.9632164579E-002   3.7859103846E-001   3.0938177875E-002  -9.7534787668E-002   4.0207391753E-002  -1.9345076482E-001  -1.3799444537E-002   5.5733895234E-002  -5.4459468706E-003   1.5125330825E-002   0.0000000000E+000   0.0000000000E+000  -1.3837759425E-003   6.9311320945E-003  -1.1108873548E-002   3.1280427069E-002   4.0207391739E-002  -1.9345076477E-001   3.0938177874E-002  -9.7534787678E-002  -4.9632164562E-002   3.7859103838E-001
   3.9525210834E-003  -4.9632164579E-002   1.9358845076E+000   4.1983540393E-001   3.9525210797E-003  -4.9632164560E-002  -6.8165825080E-003   3.0938177875E-002  -4.3157298738E-003   1.7765415575E-002   1.5564721284E-003  -3.5227693321E-003   0.0000000000E+000   0.0000000000E+000   0.0000000000E+000   0.0000000000E+000   5.6370619616E-003  -2.6801759529E-002   3.3249432837E-003  -1.1108873548E-002  -8.1058990308E-003   4.0207391758E-002  -6.8165825084E-003   3.0938177874E-002
  -4.9632164581E-002   3.7859103846E-001   4.1983540393E-001   8.0624084774E-001  -4.9632164560E-002   3.7859103837E-001   3.0938177871E-002  -9.7534787667E-002   1.8171203256E-002  -6.9066878898E-002  -1.8283550506E-003  -5.2799001917E-003   0.0000000000E+000   0.0000000000E+000   0.0000000000E+000   0.0000000000E+000  -2.6801759529E-002   1.2421271372E-001  -1.1108873550E-002   3.1280427072E-002   4.0207391758E-002  -1.9345076484E-001   3.0938177876E-002  -9.7534787679E-002
  -6.8165825080E-003   3.0938177875E-002   3.9525210797E-003  -4.9632164560E-002   1.9358845076E+000   4.1983540393E-001   3.9525210834E-003  -4.9632164579E-002  -4.1876503327E-003   1.9308462108E-002  -4.8412795737E-003   2.0730326667E-002   0.0000000000E+000   0.0000000000E+000   0.0000000000E+000   0.0000000000E+000   0.0000000000E+000   0.0000000000E+000   5.6370619592E-003  -2.6801759519E-002   3.3249432837E-003  -1.1108873550E-002  -8.1058990264E-003   4.0207391739E-002
   3.0938177871E-002  -9.7534787668E-002  -4.9632164560E-002   3.7859103837E-001   4.1983540393E-001   8.0624084774E-001  -4.9632164581E-002   3.7859103846E-001   1.3763807230E-002  -2.7992653371E-002   2.4220330206E-002  -9.4626536346E-002   0.0000000000E+000   0.0000000000E+000   0.0000000000E+000   0.0000000000E+000   0.0000000000E+000   0.0000000000E+000  -2.6801759519E-002   1.2421271367E-001  -1.1108873548E-002   3.1280427072E-002   4.0207391740E-002  -1.9345076477E-001
  -8.1058990300E-003   4.0207391753E-002  -6.8165825080E-003   3.0938177871E-002   3.9525210834E-003  -4.9632164581E-002   1.9358845076E+000   4.1983540393E-001   2.5206624594E-003  -3.2467363312E-002  -4.6204034215E-003   1.8606323220E-002   0.0000000000E+000   0.0000000000E+000   0.0000000000E+000   0.0000000000E+000   0.0000000000E+000   0.0000000000E+000   0.0000000000E+000   0.0000000000E+000   5.6370619616E-003  -2.6801759529E-002   3.3249432834E-003  -1.1108873548E-002
   4.0207391753E-002  -1.9345076482E-001   3.0938177875E-002  -9.7534787667E-002  -4.9632164579E-002   3.7859103846E-001   4.1983540393E-001   8.0624084776E-001  -4.8585097061E-002   3.2153716232E-001   1.6258793801E-002  -1.5363512696E-002   0.0000000000E+000   0.0000000000E+000   0.0000000000E+000   0.0000000000E+000   0.0000000000E+000   0.0000000000E+000   0.0000000000E+000   0.0000000000E+000  -2.6801759529E-002   1.2421271372E-001  -1.1108873548E-002   3.1280427069E-002
   3.1568930412E-003  -1.3799444537E-002  -4.3157298738E-003   1.8171203256E-002  -4.1876503327E-003   1.3763807230E-002   2.5206624594E-003  -4.8585097061E-002   1.9385615877E+000   4.0973600579E-001   2.5188412090E-003  -4.3068868756E-002   0.0000000000E+000   0.0000000000E+000   0.0000000000E+000   0.0000000000E+000   0.0000000000E+000   0.0000000000E+000   0.0000000000E+000   0.0000000000E+000   0.0000000000E+000   0.0000000000E+000   1.7998015810E-003  -4.9199627432E-003
  -1.2068643757E-002   5.5733895234E-002   1.7765415575E-002  -6.9066878898E-002   1.9308462108E-002  -2.7992653371E-002  -3.2467363312E-002   3.2153716232E-001   4.0973600579E-001   8.3548194603E-001  -4.8131947991E-002   3.7144838195E-001   0.0000000000E+000   0.0000000000E+000   0.0000000000E+000   0.0000000000E+000   0.0000000000E+000   0.0000000000E+000   0.0000000000E+000   0.0000000000E+000   0.0000000000E+000   0.0000000000E+000  -4.6380281813E-003   8.6279910094E-003
   1.6107687269E-003  -5.4459468706E-003   1.5564721284E-003  -1.8283550506E-003  -4.8412795737E-003   2.4220330206E-002  -4.6204034215E-003   1.6258793801E-002   2.5188412090E-003  -4.8131947991E-002   1.9376968698E+000   4.1508853337E-001   0.0000000000E+000   0.0000000000E+000   0.0000000000E+000   0.0000000000E+000   0.0000000000E+000   0.0000000000E+000   0.0000000000E+000   0.0000000000E+000   0.0000000000E+000   0.0000000000E+000   0.0000000000E+000   0.0000000000E+000
  -5.8685366647E-003   1.5125330825E-002  -3.5227693321E-003  -5.2799001917E-003   2.0730326667E-002  -9.4626536346E-002   1.8606323220E-002  -1.5363512696E-002  -4.3068868756E-002   3.7144838195E-001   4.1508853337E-001   8.1185526465E-001   0.0000000000E+000   0.0000000000E+000   0.0000000000E+000   0.0000000000E+000   0.0000000000E+000   0.0000000000E+000   0.0000000000E+000   0.0000000000E+000   0.0000000000E+000   0.0000000000E+000   0.0000000000E+000   0.0000000000E+000
   0.0000000000E+000   0.0000000000E+000   0.0000000000E+000   0.0000000000E+000   0.0000000000E+000   0.0000000000E+000   0.0000000000E+000   0.0000000000E+000   0.0000000000E+000   0.0000000000E+000   0.0000000000E+000   0.0000000000E+000   1.9389385879E+000   4.0998208194E-001   3.7191219598E-003  -4.6834456411E-002  -1.1986679444E-002   4.9094116334E-002  -2.6553063735E-003   1.7035768400E-002   6.6204987096E-003  -2.4232120169E-002  -1.8841849264E-003   3.0099368310E-003
   0.0000000000E+000   0.0000000000E+000   0.0000000000E+000   0.0000000000E+000   0.0000000000E+000   0.0000000000E+000   0.0000000000E+000   0.0000000000E+000   0.0000000000E+000   0.0000000000E+000   0.0000000000E+000   0.0000000000E+000   4.0998208194E-001   8.3415265230E-001  -5.0729304061E-002   3.7461880269E-001   5.0053111107E-002  -1.6510446254E-001   2.2152656624E-002  -1.1601452024E-001  -2.4935174561E-002   8.4984513545E-002   1.3041687405E-003   1.3455971913E-002
   1.3361892689E-004  -1.3837759425E-003   0.0000000000E+000   0.0000000000E+000   0.0000000000E+000   0.0000000000E+000   0.0000000000E+000   0.0000000000E+000   0.0000000000E+000   0.0000000000E+000   0.0000000000E+000   0.0000000000E+000   3.7191219598E-003  -5.0729304061E-002   1.9412835243E+000   4.0195547915E-001  -6.9590808027E-004  -2.4826289561E-002  -1.5111834354E-002   6.5064087923E-002   1.2206863976E-003   2.9812980459E-003   7.0262050434E-003  -2.7067411626E-002
  -6.3885378358E-004   6.9311320945E-003   0.0000000000E+000   0.0000000000E+000   0.0000000000E+000   0.0000000000E+000   0.0000000000E+000   0.0000000000E+000   0.0000000000E+000   0.0000000000E+000   0.0000000000E+000   0.0000000000E+000  -4.6834456411E-002   3.7461880269E-001   4.0195547915E-001   8.6616985235E-001  -3.8243116466E-002   3.0728755831E-001   6.6403384090E-002  -2.4000084967E-001   5.4195662903E-003  -5.5176463322E-002  -2.8191018869E-002   1.0348211309E-001
   3.3249432834E-003  -1.1108873548E-002   5.6370619616E-003  -2.6801759529E-002   0.0000000000E+000   0.0000000000E+000   0.0000000000E+000   0.0000000000E+000   0.0000000000E+000   0.0000000000E+000   0.0000000000E+000   0.0000000000E+000  -1.1986679444E-002   5.0053111107E-002  -6.9590808027E-004  -3.8243116466E-002   1.9358845076E+000   4.1983540393E-001   3.9525210834E-003  -4.9632164581E-002  -6.8165825080E-003   3.0938177871E-002  -8.1058990300E-003   4.0207391753E-002
  -1.1108873548E-002   3.1280427069E-002  -2.6801759529E-002   1.2421271372E-001   0.0000000000E+000   0.0000000000E+000   0.0000000000E+000   0.0000000000E+000   0.0000000000E+000   0.0000000000E+000   0.0000000000E+000   0.0000000000E+000   4.9094116334E-002  -1.6510446254E-001  -2.4826289561E-002   3.0728755831E-001   4.1983540393E-001   8.0624084776E-001  -4.9632164579E-002   3.7859103846E-001   3.0938177875E-002  -9.7534787668E-002   4.0207391753E-002  -1.9345076482E-001
  -8.1058990264E-003   4.0207391739E-002   3.3249432837E-003  -1.1108873550E-002   5.6370619592E-003  -2.6801759519E-002   0.0000000000E+000   0.0000000000E+000   0.0000000000E+000   0.0000000000E+000   0.0000000000E+000   0.0000000000E+000  -2.6553063735E-003   2.2152656624E-002  -1.5111834354E-002   6.6403384090E-002   3.9525210834E-003  -4.9632164579E-002   1.9358845076E+000   4.1983540393E-001   3.9525210797E-003  -4.9632164560E-002  -6.8165825080E-003   3.0938177875E-002
   4.0207391740E-002  -1.9345076477E-001  -1.1108873548E-002   3.1280427072E-002  -2.6801759519E-002   1.2421271367E-001   0.0000000000E+000   0.0000000000E+000   0.0000000000E+000   0.0000000000E+000   0.0000000000E+000   0.0000000000E+000   1.7035768400E-002  -1.1601452024E-001   6.5064087923E-002  -2.4000084967E-001  -4.9632164581E-002   3.7859103846E-001   4.1983540393E-001   8.0624084774E-001  -4.9632164560E-002   3.7859103837E-001   3.0938177871E-002  -9.7534787667E-002
  -6.8165825083E-003   3.0938177874E-002  -8.1058990308E-003   4.0207391758E-002   3.3249432837E-003  -1.1108873548E-002   5.6370619616E-003  -2.6801759529E-002   0.0000000000E+000   0.0000000000E+000   0.0000000000E+000   0.0000000000E+000   6.6204987096E-003  -2.4935174561E-002   1.2206863976E-003   5.4195662903E-003  -6.8165825080E-003   3.0938177875E-002   3.9525210797E-003  -4.9632164560E-002   1.9358845076E+000   4.1983540393E-001   3.9525210834E-003  -4.9632164579E-002
   3.0938177876E-002  -9.7534787678E-002   4.0207391758E-002  -1.9345076484E-001  -1.1108873550E-002   3.1280427072E-002  -2.6801759529E-002   1.2421271372E-001   0.0000000000E+000   0.0000000000E+000   0.0000000000E+000   0.0000000000E+000  -2.4232120169E-002   8.4984513545E-002   2.9812980459E-003  -5.5176463322E-002   3.0938177871E-002  -9.7534787668E-002  -4.9632164560E-002   3.7859103837E-001   4.1983540393E-001   8.0624084774E-001  -4.9632164581E-002   3.7859103846E-001
   3.9525210801E-003  -4.9632164562E-002  -6.8165825084E-003   3.0938177876E-002  -8.1058990264E-003   4.0207391740E-002   3.3249432834E-003  -1.1108873548E-002   1.7998015810E-003  -4.6380281813E-003   0.0000000000E+000   0.0000000000E+000  -1.8841849264E-003   1.3041687405E-003   7.0262050434E-003  -2.8191018869E-002  -8.1058990300E-003   4.0207391753E-002  -6.8165825080E-003   3.0938177871E-002   3.9525210834E-003  -4.9632164581E-002   1.9358845076E+000   4.1983540393E-001
  -4.9632164562E-002   3.7859103838E-001   3.0938177874E-002  -9.7534787679E-002   4.0207391739E-002  -1.9345076477E-001  -1.1108873548E-002   3.1280427069E-002  -4.9199627432E-003   8.6279910094E-003   0.0000000000E+000   0.0000000000E+000   3.0099368310E-003   1.3455971913E-002  -2.7067411626E-002   1.0348211309E-001   4.0207391753E-002  -1.9345076482E-001   3.0938177875E-002  -9.7534787667E-002  -4.9632164579E-002   3.7859103846E-001   4.1983540393E-001   8.0624084776E-001
