                  24                  24
   1.9358845076E+000   4.1983540393E-001   3.9525210834E-003  -4.9632164581E-002  -6.8165825080E-003   3.0938177871E-002  -8.1058990300E-003   4.0207391753E-002   3.1093403703E-003  -1.1834736741E-002   1.6236572726E-003  -5.9444948576E-003   0.0000000000E+000   0.0000000000E+000   8.9008891994E-005  -5.3033755912E-004   3.3249432834E-003  -1.1108873548E-002  -8.1058990264E-003   4.0207391740E-002  -6.8165825083E-003   3.0938177876E-002   3.9525210801E-003  -4.9632164562E-002
   4.1983540393E-001   8.0624084776E-001  -4.9632164579E-002   3.7859103846E-001   3.0938177875E-002  -9.7534787668E-002   4.0207391753E-002  -1.9345076482E-001  -1.3533773535E-002   5.4438068726E-002  -5.5543824551E-003   1.5671522669E-002   0.0000000000E+000   0.0000000000E+000  -1.1518753740E-003   6.4540900297E-003  -1.1108873548E-002   3.1280427069E-002   4.0207391739E-002  -1.9345076477E-001   3.0938177874E-002  -9.7534787678E-002  -4.9632164562E-002   3.7859103838E-001
   3.9525210834E-003  -4.9632164579E-002   1.9358845076E+000   4.1983540393E-001   3.9525210797E-003  -4.9632164560E-002  -6.8165825080E-003   3.0938177875E-002  -4.3179727166E-003   1.7738425467E-002   1.6142775182E-003  -3.7281919130E-003   0.0000000000E+000   0.0000000000E+000   0.0000000000E+000   0.0000000000E+000   5.6370619616E-003  -2.6801759529E-002   3.3249432837E-003  -1.1108873548E-002  -8.1058990308E-003   4.0207391758E-002  -6.8165825084E-003   3.0938177874E-002
  -4.9632164581E-002   3.7859103846E-001   4.1983540393E-001   8.0624084774E-001  -4.9632164560E-002   3.7859103837E-001   3.0938177871E-002  -9.7534787667E-002   1.8214886059E-002  -6.9112964351E-002  -2.0353167316E-003  -4.6624937605E-003   0.0000000000E+000   0.0000000000E+000   0.0000000000E+000   0.0000000000E+000  -2.6801759529E-002   1.2421271372E-001  -1.1108873550E-002   3.1280427072E-002   4.0207391758E-002  -1.9345076484E-001   3.0938177876E-002  -9.7534787679E-002
  -6.8165825080E-003   3.0938177875E-002   3.9525210797E-003  -4.9632164560E-002   1.9358845076E+000   4.1983540393E-001   3.9525210834E-003  -4.9632164579E-002  -4.1530318474E-003   1.9110179646E-002  -4.8765915911E-003   2.0940093124E-002   0.0000000000E+000   0.0000000000E+000   0.0000000000E+000   0.0000000000E+000   0.0000000000E+000   0.0000000000E+000   5.6370619592E-003  -2.6801759519E-002   3.3249432837E-003  -1.1108873550E-002  -8.1058990264E-003   4.0207391739E-002
   3.0938177871E-002  -9.7534787668E-002  -4.9632164560E-002   3.7859103837E-001   4.1983540393E-001   8.0624084774E-001  -4.9632164581E-002   3.7859103846E-001   1.3628818774E-002  -2.7337419410E-002   2.4529770061E-002  -9.6347326557E-002   0.0000000000E+000   0.0000000000E+000   0.0000000000E+000   0.0000000000E+000   0.0000000000E+000   0.0000000000E+000  -2.6801759519E-002   1.2421271367E-001  -1.1108873548E-002   3.1280427072E-002   4.0207391740E-002  -1.9345076477E-001
  -8.1058990300E-003   4.0207391753E-002  -6.8165825080E-003   3.0938177871E-002   3.9525210834E-003  -4.9632164581E-002   1.9358845076E+000   4.1983540393E-001   2.4581866836E-003  -3.2031364198E-002  -4.7712108154E-003   1.9350051966E-002   0.0000000000E+000   0.0000000000E+000   0.0000000000E+000   0.0000000000E+000   0.0000000000E+000   0.0000000000E+000   0.0000000000E+000   0.0000000000E+000   5.6370619616E-003  -2.6801759529E-002   3.3249432834E-003  -1.1108873548E-002
   4.0207391753E-002  -1.9345076482E-001   3.0938177875E-002  -9.7534787667E-002  -4.9632164579E-002   3.7859103846E-001   4.1983540393E-001   8.0624084776E-001  -4.8537357666E-002   3.2060375596E-001   1.7061441466E-002  -1.9073222691E-002   0.0000000000E+000   0.0000000000E+000   0.0000000000E+000   0.0000000000E+000   0.0000000000E+000   0.0000000000E+000   0.0000000000E+000   0.0000000000E+000  -2.6801759529E-002   1.2421271372E-001  -1.1108873548E-002   3.1280427069E-002
   3.1093403703E-003  -1.3533773535E-002  -4.3179727166E-003   1.8214886059E-002  -4.1530318474E-003   1.3628818774E-002   2.4581866836E-003  -4.8537357666E-002   1.9385982106E+000   4.0939283924E-001   2.5721397808E-003  -4.3461075327E-002   0.0000000000E+000   0.0000000000E+000   0.0000000000E+000   0.0000000000E+000   0.0000000000E+000   0.0000000000E+000   0.0000000000E+000   0.0000000000E+000   0.0000000000E+000   0.0000000000E+000   1.6254393797E-003  -4.2200475401E-003
  -1.1834736741E-002   5.4438068726E-002   1.7738425467E-002  -6.9112964351E-002   1.9110179646E-002  -2.7337419410E-002  -3.2031364198E-002   3.2060375596E-001   4.0939283924E-001   8.3743313582E-001  -4.8278438519E-002   3.7276234212E-001   0.0000000000E+000   0.0000000000E+000   0.0000000000E+000   0.0000000000E+000   0.0000000000E+000   0.0000000000E+000   0.0000000000E+000   0.0000000000E+000   0.0000000000E+000   0.0000000000E+000  -3.8031801310E-003   5.2566665397E-003
   1.6236572726E-003  -5.5543824551E-003   1.6142775182E-003  -2.0353167316E-003  -4.8765915911E-003   2.4529770061E-002  -4.7712108154E-003   1.7061441466E-002   2.5721397808E-003  -4.8278438519E-002   1.9378963394E+000   4.1436926716E-001   0.0000000000E+000   0.0000000000E+000   0.0000000000E+000   0.0000000000E+000   0.0000000000E+000   0.0000000000E+000   0.0000000000E+000   0.0000000000E+000   0.0000000000E+000   0.0000000000E+000   0.0000000000E+000   0.0000000000E+000
  -5.9444948576E-003   1.5671522669E-002  -3.7281919130E-003  -4.6624937605E-003   2.0940093124E-002  -9.6347326557E-002   1.9350051966E-002  -1.9073222691E-002  -4.3461075327E-002   3.7276234212E-001   4.1436926716E-001   8.1470449362E-001   0.0000000000E+000   0.0000000000E+000   0.0000000000E+000   0.0000000000E+000   0.0000000000E+000   0.0000000000E+000   0.0000000000E+000   0.0000000000E+000   0.0000000000E+000   0.0000000000E+000   0.0000000000E+000   0.0000000000E+000
   0.0000000000E+000   0.0000000000E+000   0.0000000000E+000   0.0000000000E+000   0.0000000000E+000   0.0000000000E+000   0.0000000000E+000   0.0000000000E+000   0.0000000000E+000   0.0000000000E+000   0.0000000000E+000   0.0000000000E+000   1.9389124577E+000   4.0967137815E-001   4.0338510022E-003  -4.8625578169E-002  -1.1731807404E-002   4.7743677049E-002  -2.7103596856E-003   1.7132880793E-002   6.4207691066E-003  -2.3465250505E-002  -1.7286008038E-003   2.4068390203E-003
   0.0000000000E+000   0.0000000000E+000   0.0000000000E+000   0.0000000000E+000   0.0000000000E+000   0.0000000000E+000   0.0000000000E+000   0.0000000000E+000   0.0000000000E+000   0.0000000000E+000   0.0000000000E+000   0.0000000000E+000   4.0967137815E-001   8.3678963560E-001  -5.1784108416E-002   3.8094416050E-001   4.9298692182E-002  -1.6088950047E-001   2.2274969938E-002  -1.1627940833E-001  -2.4104822779E-002   8.1837545096E-002   6.5277103905E-004   1.6006342756E-002
   8.9008891994E-005  -1.1518753740E-003   0.0000000000E+000   0.0000000000E+000   0.0000000000E+000   0.0000000000E+000   0.0000000000E+000   0.0000000000E+000   0.0000000000E+000   0.0000000000E+000   0.0000000000E+000   0.0000000000E+000   4.0338510022E-003  -5.1784108416E-002   1.9413879536E+000   4.0193292851E-001  -1.3869319320E-003  -2.1818828098E-002  -1.5199143973E-002   6.5837253168E-002   1.5914987759E-003   1.5060017714E-003   7.0157366771E-003  -2.7119562755E-002
  -5.3033755912E-004   6.4540900297E-003   0.0000000000E+000   0.0000000000E+000   0.0000000000E+000   0.0000000000E+000   0.0000000000E+000   0.0000000000E+000   0.0000000000E+000   0.0000000000E+000   0.0000000000E+000   0.0000000000E+000  -4.8625578169E-002   3.8094416050E-001   4.0193292851E-001   8.6514037053E-001  -3.5663091699E-002   2.9590141834E-001   6.6509611212E-002  -2.4192560987E-001   4.0575933309E-003  -4.9594110026E-002  -2.8107692093E-002   1.0342046516E-001
   3.3249432834E-003  -1.1108873548E-002   5.6370619616E-003  -2.6801759529E-002   0.0000000000E+000   0.0000000000E+000   0.0000000000E+000   0.0000000000E+000   0.0000000000E+000   0.0000000000E+000   0.0000000000E+000   0.0000000000E+000  -1.1731807404E-002   4.9298692182E-002  -1.3869319320E-003  -3.5663091699E-002   1.9358845076E+000   4.1983540393E-001   3.9525210834E-003  -4.9632164581E-002  -6.8165825080E-003   3.0938177871E-002  -8.1058990300E-003   4.0207391753E-002
  -1.1108873548E-002   3.1280427069E-002  -2.6801759529E-002   1.2421271372E-001   0.0000000000E+000   0.0000000000E+000   0.0000000000E+000   0.0000000000E+000   0.0000000000E+000   0.0000000000E+000   0.0000000000E+000   0.0000000000E+000   4.7743677049E-002  -1.6088950047E-001  -2.1818828098E-002   2.9590141834E-001   4.1983540393E-001   8.0624084776E-001  -4.9632164579E-002   3.7859103846E-001   3.0938177875E-002  -9.7534787668E-002   4.0207391753E-002  -1.9345076482E-001
  -8.1058990264E-003   4.0207391739E-002   3.3249432837E-003  -1.1108873550E-002   5.6370619592E-003  -2.6801759519E-002   0.0000000000E+000   0.0000000000E+000   0.0000000000E+000   0.0000000000E+000   0.0000000000E+000   0.0000000000E+000  -2.7103596856E-003   2.2274969938E-002  -1.5199143973E-002   6.6509611212E-002   3.9525210834E-003  -4.9632164579E-002   1.9358845076E+000   4.1983540393E-001   3.9525210797E-003  -4.9632164560E-002  -6.8165825080E-003   3.0938177875E-002
   4.0207391740E-002  -1.9345076477E-001  -1.1108873548E-002   3.1280427072E-002  -2.6801759519E-002   1.2421271367E-001   0.0000000000E+000   0.0000000000E+000   0.0000000000E+000   0.0000000000E+000   0.0000000000E+000   0.0000000000E+000   1.7132880793E-002  -1.1627940833E-001   6.5837253168E-002  -2.4192560987E-001  -4.9632164581E-002   3.7859103846E-001   4.1983540393E-001   8.0624084774E-001  -4.9632164560E-002   3.7859103837E-001   3.0938177871E-002  -9.7534787667E-002
  -6.8165825083E-003   3.0938177874E-002  -8.1058990308E-003   4.0207391758E-002   3.3249432837E-003  -1.1108873548E-002   5.6370619616E-003  -2.6801759529E-002   0.0000000000E+000   0.0000000000E+000   0.0000000000E+000   0.0000000000E+000   6.4207691066E-003  -2.4104822779E-002   1.5914987759E-003   4.0575933309E-003  -6.8165825080E-003   3.0938177875E-002   3.9525210797E-003  -4.9632164560E-002   1.9358845076E+000   4.1983540393E-001   3.9525210834E-003  -4.9632164579E-002
   3.0938177876E-002  -9.7534787678E-002   4.0207391758E-002  -1.9345076484E-001  -1.1108873550E-002   3.1280427072E-002  -2.6801759529E-002   1.2421271372E-001   0.0000000000E+000   0.0000000000E+000   0.0000000000E+000   0.0000000000E+000  -2.3465250505E-002   8.1837545096E-002   1.5060017714E-003  -4.9594110026E-002   3.0938177871E-002  -9.7534787668E-002  -4.9632164560E-002   3.7859103837E-001   4.1983540393E-001   8.0624084774E-001  -4.9632164581E-002   3.7859103846E-001
   3.9525210801E-003  -4.9632164562E-002  -6.8165825084E-003   3.0938177876E-002  -8.1058990264E-003   4.0207391740E-002   3.3249432834E-003  -1.1108873548E-002   1.6254393797E-003  -3.8031801310E-003   0.0000000000E+000   0.0000000000E+000  -1.7286008038E-003   6.5277103905E-004   7.0157366771E-003  -2.8107692093E-002  -8.1058990300E-003   4.0207391753E-002  -6.8165825080E-003   3.0938177871E-002   3.9525210834E-003  -4.9632164581E-002   1.9358845076E+000   4.1983540393E-001
  -4.9632164562E-002   3.7859103838E-001   3.0938177874E-002  -9.7534787679E-002   4.0207391739E-002  -1.9345076477E-001  -1.1108873548E-002   3.1280427069E-002  -4.2200475401E-003   5.2566665397E-003   0.0000000000E+000   0.0000000000E+000   2.4068390203E-003   1.6006342756E-002  -2.7119562755E-002   1.0342046516E-001   4.0207391753E-002  -1.9345076482E-001   3.0938177875E-002  -9.7534787667E-002  -4.9632164579E-002   3.7859103846E-001   4.1983540393E-001   8.0624084776E-001
