                  24                  24
   1.9358845076E+000   4.1983540393E-001   3.9525210834E-003  -4.9632164581E-002  -6.8165825080E-003   3.0938177871E-002  -8.1058990300E-003   4.0207391753E-002   3.1568328196E-003  -1.2068417290E-002   1.6109965670E-003  -5.8695615789E-003   0.0000000000E+000   0.0000000000E+000   1.3312732903E-004  -6.3689949069E-004   3.3249432834E-003  -1.1108873548E-002  -8.1058990264E-003   4.0207391740E-002  -6.8165825083E-003   3.0938177876E-002   3.9525210801E-003  -4.9632164562E-002
   4.1983540393E-001   8.0624084776E-001  -4.9632164579E-002   3.7859103846E-001   3.0938177875E-002  -9.7534787668E-002   4.0207391753E-002  -1.9345076482E-001  -1.3799195819E-002   5.5733274219E-002  -5.4473015616E-003   1.5131332791E-002   0.0000000000E+000   0.0000000000E+000  -1.3810688112E-003   6.9202563677E-003  -1.1108873548E-002   3.1280427069E-002   4.0207391739E-002  -1.9345076477E-001   3.0938177874E-002  -9.7534787678E-002  -4.9632164562E-002   3.7859103838E-001
   3.9525210834E-003  -4.9632164579E-002   1.9358845076E+000   4.1983540393E-001   3.9525210797E-003  -4.9632164560E-002  -6.8165825080E-003   3.0938177875E-002  -4.3155766946E-003   1.7764607117E-002   1.5566564003E-003  -3.5235052519E-003   0.0000000000E+000   0.0000000000E+000   0.0000000000E+000   0.0000000000E+000   5.6370619616E-003  -2.6801759529E-002   3.3249432837E-003  -1.1108873548E-002  -8.1058990308E-003   4.0207391758E-002  -6.8165825084E-003   3.0938177874E-002
  -4.9632164581E-002   3.7859103846E-001   4.1983540393E-001   8.0624084774E-001  -4.9632164560E-002   3.7859103837E-001   3.0938177871E-002  -9.7534787667E-002   1.8170588914E-002  -6.9063269351E-002  -1.8293000311E-003  -5.2763155403E-003   0.0000000000E+000   0.0000000000E+000   0.0000000000E+000   0.0000000000E+000  -2.6801759529E-002   1.2421271372E-001  -1.1108873550E-002   3.1280427072E-002   4.0207391758E-002  -1.9345076484E-001   3.0938177876E-002  -9.7534787679E-002
  -6.8165825080E-003   3.0938177875E-002   3.9525210797E-003  -4.9632164560E-002   1.9358845076E+000   4.1983540393E-001   3.9525210834E-003  -4.9632164579E-002  -4.1875799399E-003   1.9307975486E-002  -4.8414477089E-003   2.0731227814E-002   0.0000000000E+000   0.0000000000E+000   0.0000000000E+000   0.0000000000E+000   0.0000000000E+000   0.0000000000E+000   5.6370619592E-003  -2.6801759519E-002   3.3249432837E-003  -1.1108873550E-002  -8.1058990264E-003   4.0207391739E-002
   3.0938177871E-002  -9.7534787668E-002  -4.9632164560E-002   3.7859103837E-001   4.1983540393E-001   8.0624084774E-001  -4.9632164581E-002   3.7859103846E-001   1.3763824909E-002  -2.7991997733E-002   2.4221214079E-002  -9.4631401682E-002   0.0000000000E+000   0.0000000000E+000   0.0000000000E+000   0.0000000000E+000   0.0000000000E+000   0.0000000000E+000  -2.6801759519E-002   1.2421271367E-001  -1.1108873548E-002   3.1280427072E-002   4.0207391740E-002  -1.9345076477E-001
  -8.1058990300E-003   4.0207391753E-002  -6.8165825080E-003   3.0938177871E-002   3.9525210834E-003  -4.9632164581E-002   1.9358845076E+000   4.1983540393E-001   2.5202616780E-003  -3.2465381998E-002  -4.6207133952E-003   1.8607861849E-002   0.0000000000E+000   0.0000000000E+000   0.0000000000E+000   0.0000000000E+000   0.0000000000E+000   0.0000000000E+000   0.0000000000E+000   0.0000000000E+000   5.6370619616E-003  -2.6801759529E-002   3.3249432834E-003  -1.1108873548E-002
   4.0207391753E-002  -1.9345076482E-001   3.0938177875E-002  -9.7534787667E-002  -4.9632164579E-002   3.7859103846E-001   4.1983540393E-001   8.0624084776E-001  -4.8583062043E-002   3.2152717173E-001   1.6260188608E-002  -1.5370198260E-002   0.0000000000E+000   0.0000000000E+000   0.0000000000E+000   0.0000000000E+000   0.0000000000E+000   0.0000000000E+000   0.0000000000E+000   0.0000000000E+000  -2.6801759529E-002   1.2421271372E-001  -1.1108873548E-002   3.1280427069E-002
   3.1568328196E-003  -1.3799195819E-002  -4.3155766946E-003   1.8170588914E-002  -4.1875799399E-003   1.3763824909E-002   2.5202616780E-003  -4.8583062043E-002   1.9385612388E+000   4.0973741664E-001   2.5192415781E-003  -4.3070936627E-002   0.0000000000E+000   0.0000000000E+000   0.0000000000E+000   0.0000000000E+000   0.0000000000E+000   0.0000000000E+000   0.0000000000E+000   0.0000000000E+000   0.0000000000E+000   0.0000000000E+000   1.7995629834E-003  -4.9190861369E-003
  -1.2068417290E-002   5.5733274219E-002   1.7764607117E-002  -6.9063269351E-002   1.9307975486E-002  -2.7991997733E-002  -3.2465381998E-002   3.2152717173E-001   4.0973741664E-001   8.3547535620E-001  -4.8133199875E-002   3.7145533788E-001   0.0000000000E+000   0.0000000000E+000   0.0000000000E+000   0.0000000000E+000   0.0000000000E+000   0.0000000000E+000   0.0000000000E+000   0.0000000000E+000   0.0000000000E+000   0.0000000000E+000  -4.6369107271E-003   8.6239377715E-003
   1.6109965670E-003  -5.4473015616E-003   1.5566564003E-003  -1.8293000311E-003  -4.8414477089E-003   2.4221214079E-002  -4.6207133952E-003   1.6260188608E-002   2.5192415781E-003  -4.8133199875E-002   1.9376967808E+000   4.1508888502E-001   0.0000000000E+000   0.0000000000E+000   0.0000000000E+000   0.0000000000E+000   0.0000000000E+000   0.0000000000E+000   0.0000000000E+000   0.0000000000E+000   0.0000000000E+000   0.0000000000E+000   0.0000000000E+000   0.0000000000E+000
  -5.8695615789E-003   1.5131332791E-002  -3.5235052519E-003  -5.2763155403E-003   2.0731227814E-002  -9.4631401682E-002   1.8607861849E-002  -1.5370198260E-002  -4.3070936627E-002   3.7145533788E-001   4.1508888502E-001   8.1185405157E-001   0.0000000000E+000   0.0000000000E+000   0.0000000000E+000   0.0000000000E+000   0.0000000000E+000   0.0000000000E+000   0.0000000000E+000   0.0000000000E+000   0.0000000000E+000   0.0000000000E+000   0.0000000000E+000   0.0000000000E+000
   0.0000000000E+000   0.0000000000E+000   0.0000000000E+000   0.0000000000E+000   0.0000000000E+000   0.0000000000E+000   0.0000000000E+000   0.0000000000E+000   0.0000000000E+000   0.0000000000E+000   0.0000000000E+000   0.0000000000E+000   1.9389376754E+000   4.0998533660E-001   3.7198568022E-003  -4.6837578610E-002  -1.1985883083E-002   4.9090036842E-002  -2.6555938613E-003   1.7036478094E-002   6.6200691135E-003  -2.4230287941E-002  -1.8838821963E-003   3.0088800051E-003
   0.0000000000E+000   0.0000000000E+000   0.0000000000E+000   0.0000000000E+000   0.0000000000E+000   0.0000000000E+000   0.0000000000E+000   0.0000000000E+000   0.0000000000E+000   0.0000000000E+000   0.0000000000E+000   0.0000000000E+000   4.0998533660E-001   8.3413989862E-001  -5.0731457586E-002   3.7462817961E-001   5.0049719906E-002  -1.6508788414E-001   2.2153713865E-002  -1.1601720726E-001  -2.4933159958E-002   8.4975928010E-002   1.3029212507E-003   1.3460335630E-002
   1.3312732903E-004  -1.3810688112E-003   0.0000000000E+000   0.0000000000E+000   0.0000000000E+000   0.0000000000E+000   0.0000000000E+000   0.0000000000E+000   0.0000000000E+000   0.0000000000E+000   0.0000000000E+000   0.0000000000E+000   3.7198568022E-003  -5.0731457586E-002   1.9412828431E+000   4.0195860566E-001  -6.9670057888E-004  -2.4821920026E-002  -1.5111827901E-002   6.5064696841E-002   1.2211467058E-003   2.9793915825E-003   7.0261688806E-003  -2.7067429181E-002
  -6.3689949069E-004   6.9202563677E-003   0.0000000000E+000   0.0000000000E+000   0.0000000000E+000   0.0000000000E+000   0.0000000000E+000   0.0000000000E+000   0.0000000000E+000   0.0000000000E+000   0.0000000000E+000   0.0000000000E+000  -4.6837578610E-002   3.7462817961E-001   4.0195860566E-001   8.6615618393E-001  -3.8240671943E-002   3.0727323113E-001   6.6403200967E-002  -2.4000221941E-001   5.4181900010E-003  -5.5170577266E-002  -2.8191010874E-002   1.0348248081E-001
   3.3249432834E-003  -1.1108873548E-002   5.6370619616E-003  -2.6801759529E-002   0.0000000000E+000   0.0000000000E+000   0.0000000000E+000   0.0000000000E+000   0.0000000000E+000   0.0000000000E+000   0.0000000000E+000   0.0000000000E+000  -1.1985883083E-002   5.0049719906E-002  -6.9670057888E-004  -3.8240671943E-002   1.9358845076E+000   4.1983540393E-001   3.9525210834E-003  -4.9632164581E-002  -6.8165825080E-003   3.0938177871E-002  -8.1058990300E-003   4.0207391753E-002
  -1.1108873548E-002   3.1280427069E-002  -2.6801759529E-002   1.2421271372E-001   0.0000000000E+000   0.0000000000E+000   0.0000000000E+000   0.0000000000E+000   0.0000000000E+000   0.0000000000E+000   0.0000000000E+000   0.0000000000E+000   4.9090036842E-002  -1.6508788414E-001  -2.4821920026E-002   3.0727323113E-001   4.1983540393E-001   8.0624084776E-001  -4.9632164579E-002   3.7859103846E-001   3.0938177875E-002  -9.7534787668E-002   4.0207391753E-002  -1.9345076482E-001
  -8.1058990264E-003   4.0207391739E-002   3.3249432837E-003  -1.1108873550E-002   5.6370619592E-003  -2.6801759519E-002   0.0000000000E+000   0.0000000000E+000   0.0000000000E+000   0.0000000000E+000   0.0000000000E+000   0.0000000000E+000  -2.6555938613E-003   2.2153713865E-002  -1.5111827901E-002   6.6403200967E-002   3.9525210834E-003  -4.9632164579E-002   1.9358845076E+000   4.1983540393E-001   3.9525210797E-003  -4.9632164560E-002  -6.8165825080E-003   3.0938177875E-002
   4.0207391740E-002  -1.9345076477E-001  -1.1108873548E-002   3.1280427072E-002  -2.6801759519E-002   1.2421271367E-001   0.0000000000E+000   0.0000000000E+000   0.0000000000E+000   0.0000000000E+000   0.0000000000E+000   0.0000000000E+000   1.7036478094E-002  -1.1601720726E-001   6.5064696841E-002  -2.4000221941E-001  -4.9632164581E-002   3.7859103846E-001   4.1983540393E-001   8.0624084774E-001  -4.9632164560E-002   3.7859103837E-001   3.0938177871E-002  -9.7534787667E-002
  -6.8165825083E-003   3.0938177874E-002  -8.1058990308E-003   4.0207391758E-002   3.3249432837E-003  -1.1108873548E-002   5.6370619616E-003  -2.6801759529E-002   0.0000000000E+000   0.0000000000E+000   0.0000000000E+000   0.0000000000E+000   6.6200691135E-003  -2.4933159958E-002   1.2211467058E-003   5.4181900010E-003  -6.8165825080E-003   3.0938177875E-002   3.9525210797E-003  -4.9632164560E-002   1.9358845076E+000   4.1983540393E-001   3.9525210834E-003  -4.9632164579E-002
   3.0938177876E-002  -9.7534787678E-002   4.0207391758E-002  -1.9345076484E-001  -1.1108873550E-002   3.1280427072E-002  -2.6801759529E-002   1.2421271372E-001   0.0000000000E+000   0.0000000000E+000   0.0000000000E+000   0.0000000000E+000  -2.4230287941E-002   8.4975928010E-002   2.9793915825E-003  -5.5170577266E-002   3.0938177871E-002  -9.7534787668E-002  -4.9632164560E-002   3.7859103837E-001   4.1983540393E-001   8.0624084774E-001  -4.9632164581E-002   3.7859103846E-001
   3.9525210801E-003  -4.9632164562E-002  -6.8165825084E-003   3.0938177876E-002  -8.1058990264E-003   4.0207391740E-002   3.3249432834E-003  -1.1108873548E-002   1.7995629834E-003  -4.6369107271E-003   0.0000000000E+000   0.0000000000E+000  -1.8838821963E-003   1.3029212507E-003   7.0261688806E-003  -2.8191010874E-002  -8.1058990300E-003   4.0207391753E-002  -6.8165825080E-003   3.0938177871E-002   3.9525210834E-003  -4.9632164581E-002   1.9358845076E+000   4.1983540393E-001
  -4.9632164562E-002   3.7859103838E-001   3.0938177874E-002  -9.7534787679E-002   4.0207391739E-002  -1.9345076477E-001  -1.1108873548E-002   3.1280427069E-002  -4.9190861369E-003   8.6239377715E-003   0.0000000000E+000   0.0000000000E+000   3.0088800051E-003   1.3460335630E-002  -2.7067429181E-002   1.0348248081E-001   4.0207391753E-002  -1.9345076482E-001   3.0938177875E-002  -9.7534787667E-002  -4.9632164579E-002   3.7859103846E-001   4.1983540393E-001   8.0624084776E-001
