                  24                  24
   1.9358845076E+000   4.1983540393E-001   3.9525210834E-003  -4.9632164581E-002  -6.8165825080E-003   3.0938177871E-002  -8.1058990300E-003   4.0207391753E-002   3.1568311920E-003  -1.2068421235E-002   1.6110521572E-003  -5.8698124327E-003   0.0000000000E+000   0.0000000000E+000   1.3305918172E-004  -6.3661227937E-004   3.3249432834E-003  -1.1108873548E-002  -8.1058990264E-003   4.0207391740E-002  -6.8165825083E-003   3.0938177876E-002   3.9525210801E-003  -4.9632164562E-002
   4.1983540393E-001   8.0624084776E-001  -4.9632164579E-002   3.7859103846E-001   3.0938177875E-002  -9.7534787668E-002   4.0207391753E-002  -1.9345076482E-001  -1.3799218638E-002   5.5733531056E-002  -5.4476264160E-003   1.5132825569E-002   0.0000000000E+000   0.0000000000E+000  -1.3806821415E-003   6.9186078327E-003  -1.1108873548E-002   3.1280427069E-002   4.0207391739E-002  -1.9345076477E-001   3.0938177874E-002  -9.7534787678E-002  -4.9632164562E-002   3.7859103838E-001
   3.9525210834E-003  -4.9632164579E-002   1.9358845076E+000   4.1983540393E-001   3.9525210797E-003  -4.9632164560E-002  -6.8165825080E-003   3.0938177875E-002  -4.3155271757E-003   1.7764347790E-002   1.5567060360E-003  -3.5237209507E-003   0.0000000000E+000   0.0000000000E+000   0.0000000000E+000   0.0000000000E+000   5.6370619616E-003  -2.6801759529E-002   3.3249432837E-003  -1.1108873548E-002  -8.1058990308E-003   4.0207391758E-002  -6.8165825084E-003   3.0938177874E-002
  -4.9632164581E-002   3.7859103846E-001   4.1983540393E-001   8.0624084774E-001  -4.9632164560E-002   3.7859103837E-001   3.0938177871E-002  -9.7534787667E-002   1.8170354851E-002  -6.9061949538E-002  -1.8295686562E-003  -5.2751581761E-003   0.0000000000E+000   0.0000000000E+000   0.0000000000E+000   0.0000000000E+000  -2.6801759529E-002   1.2421271372E-001  -1.1108873550E-002   3.1280427072E-002   4.0207391758E-002  -1.9345076484E-001   3.0938177876E-002  -9.7534787679E-002
  -6.8165825080E-003   3.0938177875E-002   3.9525210797E-003  -4.9632164560E-002   1.9358845076E+000   4.1983540393E-001   3.9525210834E-003  -4.9632164579E-002  -4.1875515502E-003   1.9307789015E-002  -4.8414766438E-003   2.0731345795E-002   0.0000000000E+000   0.0000000000E+000   0.0000000000E+000   0.0000000000E+000   0.0000000000E+000   0.0000000000E+000   5.6370619592E-003  -2.6801759519E-002   3.3249432837E-003  -1.1108873550E-002  -8.1058990264E-003   4.0207391739E-002
   3.0938177871E-002  -9.7534787668E-002  -4.9632164560E-002   3.7859103837E-001   4.1983540393E-001   8.0624084774E-001  -4.9632164581E-002   3.7859103846E-001   1.3763794149E-002  -2.7991605006E-002   2.4221355818E-002  -9.4632132628E-002   0.0000000000E+000   0.0000000000E+000   0.0000000000E+000   0.0000000000E+000   0.0000000000E+000   0.0000000000E+000  -2.6801759519E-002   1.2421271367E-001  -1.1108873548E-002   3.1280427072E-002   4.0207391740E-002  -1.9345076477E-001
  -8.1058990300E-003   4.0207391753E-002  -6.8165825080E-003   3.0938177871E-002   3.9525210834E-003  -4.9632164581E-002   1.9358845076E+000   4.1983540393E-001   2.5201257754E-003  -3.2464743113E-002  -4.6207857744E-003   1.8608296505E-002   0.0000000000E+000   0.0000000000E+000   0.0000000000E+000   0.0000000000E+000   0.0000000000E+000   0.0000000000E+000   0.0000000000E+000   0.0000000000E+000   5.6370619616E-003  -2.6801759529E-002   3.3249432834E-003  -1.1108873548E-002
   4.0207391753E-002  -1.9345076482E-001   3.0938177875E-002  -9.7534787667E-002  -4.9632164579E-002   3.7859103846E-001   4.1983540393E-001   8.0624084776E-001  -4.8582430070E-002   3.2152404650E-001   1.6260499022E-002  -1.5372145012E-002   0.0000000000E+000   0.0000000000E+000   0.0000000000E+000   0.0000000000E+000   0.0000000000E+000   0.0000000000E+000   0.0000000000E+000   0.0000000000E+000  -2.6801759529E-002   1.2421271372E-001  -1.1108873548E-002   3.1280427069E-002
   3.1568311920E-003  -1.3799218638E-002  -4.3155271757E-003   1.8170354851E-002  -4.1875515502E-003   1.3763794149E-002   2.5201257754E-003  -4.8582430070E-002   1.9385611566E+000   4.0973789851E-001   2.5193190946E-003  -4.3071191747E-002   0.0000000000E+000   0.0000000000E+000   0.0000000000E+000   0.0000000000E+000   0.0000000000E+000   0.0000000000E+000   0.0000000000E+000   0.0000000000E+000   0.0000000000E+000   0.0000000000E+000   1.7995491072E-003  -4.9190351184E-003
  -1.2068421235E-002   5.5733531056E-002   1.7764347790E-002  -6.9061949538E-002   1.9307789015E-002  -2.7991605006E-002  -3.2464743113E-002   3.2152404650E-001   4.0973789851E-001   8.3547274540E-001  -4.8133670168E-002   3.7145693449E-001   0.0000000000E+000   0.0000000000E+000   0.0000000000E+000   0.0000000000E+000   0.0000000000E+000   0.0000000000E+000   0.0000000000E+000   0.0000000000E+000   0.0000000000E+000   0.0000000000E+000  -4.6368149680E-003   8.6235754392E-003
   1.6110521572E-003  -5.4476264160E-003   1.5567060360E-003  -1.8295686562E-003  -4.8414766438E-003   2.4221355818E-002  -4.6207857744E-003   1.6260499022E-002   2.5193190946E-003  -4.8133670168E-002   1.9376969341E+000   4.1508813819E-001   0.0000000000E+000   0.0000000000E+000   0.0000000000E+000   0.0000000000E+000   0.0000000000E+000   0.0000000000E+000   0.0000000000E+000   0.0000000000E+000   0.0000000000E+000   0.0000000000E+000   0.0000000000E+000   0.0000000000E+000
  -5.8698124327E-003   1.5132825569E-002  -3.5237209507E-003  -5.2751581761E-003   2.0731345795E-002  -9.4632132628E-002   1.8608296505E-002  -1.5372145012E-002  -4.3071191747E-002   3.7145693449E-001   4.1508813819E-001   8.1185763756E-001   0.0000000000E+000   0.0000000000E+000   0.0000000000E+000   0.0000000000E+000   0.0000000000E+000   0.0000000000E+000   0.0000000000E+000   0.0000000000E+000   0.0000000000E+000   0.0000000000E+000   0.0000000000E+000   0.0000000000E+000
   0.0000000000E+000   0.0000000000E+000   0.0000000000E+000   0.0000000000E+000   0.0000000000E+000   0.0000000000E+000   0.0000000000E+000   0.0000000000E+000   0.0000000000E+000   0.0000000000E+000   0.0000000000E+000   0.0000000000E+000   1.9389377091E+000   4.0998519250E-001   3.7198870571E-003  -4.6837794112E-002  -1.1985851434E-002   4.9089875574E-002  -2.6556259488E-003   1.7036585930E-002   6.6200677049E-003  -2.4230258761E-002  -1.8838754428E-003   3.0088646214E-003
   0.0000000000E+000   0.0000000000E+000   0.0000000000E+000   0.0000000000E+000   0.0000000000E+000   0.0000000000E+000   0.0000000000E+000   0.0000000000E+000   0.0000000000E+000   0.0000000000E+000   0.0000000000E+000   0.0000000000E+000   4.0998519250E-001   8.3414045746E-001  -5.0731408085E-002   3.7462830570E-001   5.0049534813E-002  -1.6508708865E-001   2.2153785704E-002  -1.1601738022E-001  -2.4933121074E-002   8.4975696921E-002   1.3029178326E-003   1.3460276571E-002
   1.3305918172E-004  -1.3806821415E-003   0.0000000000E+000   0.0000000000E+000   0.0000000000E+000   0.0000000000E+000   0.0000000000E+000   0.0000000000E+000   0.0000000000E+000   0.0000000000E+000   0.0000000000E+000   0.0000000000E+000   3.7198870571E-003  -5.0731408085E-002   1.9412827523E+000   4.0195905164E-001  -6.9670022576E-004  -2.4821849965E-002  -1.5111798069E-002   6.5064581348E-002   1.2211456599E-003   2.9793761303E-003   7.0261596131E-003  -2.7067394428E-002
  -6.3661227937E-004   6.9186078327E-003   0.0000000000E+000   0.0000000000E+000   0.0000000000E+000   0.0000000000E+000   0.0000000000E+000   0.0000000000E+000   0.0000000000E+000   0.0000000000E+000   0.0000000000E+000   0.0000000000E+000  -4.6837794112E-002   3.7462830570E-001   4.0195905164E-001   8.6615420412E-001  -3.8240771925E-002   3.0727331834E-001   6.6403110381E-002  -2.4000183634E-001   5.4182332998E-003  -5.5170689807E-002  -2.8190998363E-002   1.0348242234E-001
   3.3249432834E-003  -1.1108873548E-002   5.6370619616E-003  -2.6801759529E-002   0.0000000000E+000   0.0000000000E+000   0.0000000000E+000   0.0000000000E+000   0.0000000000E+000   0.0000000000E+000   0.0000000000E+000   0.0000000000E+000  -1.1985851434E-002   5.0049534813E-002  -6.9670022576E-004  -3.8240771925E-002   1.9358845076E+000   4.1983540393E-001   3.9525210834E-003  -4.9632164581E-002  -6.8165825080E-003   3.0938177871E-002  -8.1058990300E-003   4.0207391753E-002
  -1.1108873548E-002   3.1280427069E-002  -2.6801759529E-002   1.2421271372E-001   0.0000000000E+000   0.0000000000E+000   0.0000000000E+000   0.0000000000E+000   0.0000000000E+000   0.0000000000E+000   0.0000000000E+000   0.0000000000E+000   4.9089875574E-002  -1.6508708865E-001  -2.4821849965E-002   3.0727331834E-001   4.1983540393E-001   8.0624084776E-001  -4.9632164579E-002   3.7859103846E-001   3.0938177875E-002  -9.7534787668E-002   4.0207391753E-002  -1.9345076482E-001
  -8.1058990264E-003   4.0207391739E-002   3.3249432837E-003  -1.1108873550E-002   5.6370619592E-003  -2.6801759519E-002   0.0000000000E+000   0.0000000000E+000   0.0000000000E+000   0.0000000000E+000   0.0000000000E+000   0.0000000000E+000  -2.6556259488E-003   2.2153785704E-002  -1.5111798069E-002   6.6403110381E-002   3.9525210834E-003  -4.9632164579E-002   1.9358845076E+000   4.1983540393E-001   3.9525210797E-003  -4.9632164560E-002  -6.8165825080E-003   3.0938177875E-002
   4.0207391740E-002  -1.9345076477E-001  -1.1108873548E-002   3.1280427072E-002  -2.6801759519E-002   1.2421271367E-001   0.0000000000E+000   0.0000000000E+000   0.0000000000E+000   0.0000000000E+000   0.0000000000E+000   0.0000000000E+000   1.7036585930E-002  -1.1601738022E-001   6.5064581348E-002  -2.4000183634E-001  -4.9632164581E-002   3.7859103846E-001   4.1983540393E-001   8.0624084774E-001  -4.9632164560E-002   3.7859103837E-001   3.0938177871E-002  -9.7534787667E-002
  -6.8165825083E-003   3.0938177874E-002  -8.1058990308E-003   4.0207391758E-002   3.3249432837E-003  -1.1108873548E-002   5.6370619616E-003  -2.6801759529E-002   0.0000000000E+000   0.0000000000E+000   0.0000000000E+000   0.0000000000E+000   6.6200677049E-003  -2.4933121074E-002   1.2211456599E-003   5.4182332998E-003  -6.8165825080E-003   3.0938177875E-002   3.9525210797E-003  -4.9632164560E-002   1.9358845076E+000   4.1983540393E-001   3.9525210834E-003  -4.9632164579E-002
   3.0938177876E-002  -9.7534787678E-002   4.0207391758E-002  -1.9345076484E-001  -1.1108873550E-002   3.1280427072E-002  -2.6801759529E-002   1.2421271372E-001   0.0000000000E+000   0.0000000000E+000   0.0000000000E+000   0.0000000000E+000  -2.4230258761E-002   8.4975696921E-002   2.9793761303E-003  -5.5170689807E-002   3.0938177871E-002  -9.7534787668E-002  -4.9632164560E-002   3.7859103837E-001   4.1983540393E-001   8.0624084774E-001  -4.9632164581E-002   3.7859103846E-001
   3.9525210801E-003  -4.9632164562E-002  -6.8165825084E-003   3.0938177876E-002  -8.1058990264E-003   4.0207391740E-002   3.3249432834E-003  -1.1108873548E-002   1.7995491072E-003  -4.6368149680E-003   0.0000000000E+000   0.0000000000E+000  -1.8838754428E-003   1.3029178326E-003   7.0261596131E-003  -2.8190998363E-002  -8.1058990300E-003   4.0207391753E-002  -6.8165825080E-003   3.0938177871E-002   3.9525210834E-003  -4.9632164581E-002   1.9358845076E+000   4.1983540393E-001
  -4.9632164562E-002   3.7859103838E-001   3.0938177874E-002  -9.7534787679E-002   4.0207391739E-002  -1.9345076477E-001  -1.1108873548E-002   3.1280427069E-002  -4.9190351184E-003   8.6235754392E-003   0.0000000000E+000   0.0000000000E+000   3.0088646214E-003   1.3460276571E-002  -2.7067394428E-002   1.0348242234E-001   4.0207391753E-002  -1.9345076482E-001   3.0938177875E-002  -9.7534787667E-002  -4.9632164579E-002   3.7859103846E-001   4.1983540393E-001   8.0624084776E-001
