                  24                  24
   1.9358845076E+000   4.1983540393E-001   3.9525210834E-003  -4.9632164581E-002  -6.8165825080E-003   3.0938177871E-002  -8.1058990300E-003   4.0207391753E-002   3.1238775309E-003  -1.1932881575E-002   1.6245431370E-003  -5.9449514961E-003   0.0000000000E+000   0.0000000000E+000   6.3967797801E-005  -3.7785785984E-004   3.3249432834E-003  -1.1108873548E-002  -8.1058990264E-003   4.0207391740E-002  -6.8165825083E-003   3.0938177876E-002   3.9525210801E-003  -4.9632164562E-002
   4.1983540393E-001   8.0624084776E-001  -4.9632164579E-002   3.7859103846E-001   3.0938177875E-002  -9.7534787668E-002   4.0207391753E-002  -1.9345076482E-001  -1.3636568355E-002   5.5094790070E-002  -5.5569315224E-003   1.5685169327E-002   0.0000000000E+000   0.0000000000E+000  -9.9043267657E-004   5.4434620655E-003  -1.1108873548E-002   3.1280427069E-002   4.0207391739E-002  -1.9345076477E-001   3.0938177874E-002  -9.7534787678E-002  -4.9632164562E-002   3.7859103838E-001
   3.9525210834E-003  -4.9632164579E-002   1.9358845076E+000   4.1983540393E-001   3.9525210797E-003  -4.9632164560E-002  -6.8165825080E-003   3.0938177875E-002  -4.3163235706E-003   1.7754630775E-002   1.5936029041E-003  -3.6721120270E-003   0.0000000000E+000   0.0000000000E+000   0.0000000000E+000   0.0000000000E+000   5.6370619616E-003  -2.6801759529E-002   3.3249432837E-003  -1.1108873548E-002  -8.1058990308E-003   4.0207391758E-002  -6.8165825084E-003   3.0938177874E-002
  -4.9632164581E-002   3.7859103846E-001   4.1983540393E-001   8.0624084774E-001  -4.9632164560E-002   3.7859103837E-001   3.0938177871E-002  -9.7534787667E-002   1.8170382274E-002  -6.8950897917E-002  -2.0216420783E-003  -4.5075169798E-003   0.0000000000E+000   0.0000000000E+000   0.0000000000E+000   0.0000000000E+000  -2.6801759529E-002   1.2421271372E-001  -1.1108873550E-002   3.1280427072E-002   4.0207391758E-002  -1.9345076484E-001   3.0938177876E-002  -9.7534787679E-002
  -6.8165825080E-003   3.0938177875E-002   3.9525210797E-003  -4.9632164560E-002   1.9358845076E+000   4.1983540393E-001   3.9525210834E-003  -4.9632164579E-002  -4.1411324278E-003   1.9078373958E-002  -4.8407946018E-003   2.0750546952E-002   0.0000000000E+000   0.0000000000E+000   0.0000000000E+000   0.0000000000E+000   0.0000000000E+000   0.0000000000E+000   5.6370619592E-003  -2.6801759519E-002   3.3249432837E-003  -1.1108873550E-002  -8.1058990264E-003   4.0207391739E-002
   3.0938177871E-002  -9.7534787668E-002  -4.9632164560E-002   3.7859103837E-001   4.1983540393E-001   8.0624084774E-001  -4.9632164581E-002   3.7859103846E-001   1.3584807040E-002  -2.7075279719E-002   2.4224829497E-002  -9.4777450866E-002   0.0000000000E+000   0.0000000000E+000   0.0000000000E+000   0.0000000000E+000   0.0000000000E+000   0.0000000000E+000  -2.6801759519E-002   1.2421271367E-001  -1.1108873548E-002   3.1280427072E-002   4.0207391740E-002  -1.9345076477E-001
  -8.1058990300E-003   4.0207391753E-002  -6.8165825080E-003   3.0938177871E-002   3.9525210834E-003  -4.9632164581E-002   1.9358845076E+000   4.1983540393E-001   2.5045752648E-003  -3.2393226402E-002  -4.6624323536E-003   1.8807616908E-002   0.0000000000E+000   0.0000000000E+000   0.0000000000E+000   0.0000000000E+000   0.0000000000E+000   0.0000000000E+000   0.0000000000E+000   0.0000000000E+000   5.6370619616E-003  -2.6801759529E-002   3.3249432834E-003  -1.1108873548E-002
   4.0207391753E-002  -1.9345076482E-001   3.0938177875E-002  -9.7534787667E-002  -4.9632164579E-002   3.7859103846E-001   4.1983540393E-001   8.0624084776E-001  -4.8468128678E-002   3.2097529632E-001   1.6476928424E-002  -1.6372250916E-002   0.0000000000E+000   0.0000000000E+000   0.0000000000E+000   0.0000000000E+000   0.0000000000E+000   0.0000000000E+000   0.0000000000E+000   0.0000000000E+000  -2.6801759529E-002   1.2421271372E-001  -1.1108873548E-002   3.1280427069E-002
   3.1238775309E-003  -1.3636568355E-002  -4.3163235706E-003   1.8170382274E-002  -4.1411324278E-003   1.3584807040E-002   2.5045752648E-003  -4.8468128678E-002   1.9384386739E+000   4.1027279032E-001   2.5304757317E-003  -4.3136180206E-002   0.0000000000E+000   0.0000000000E+000   0.0000000000E+000   0.0000000000E+000   0.0000000000E+000   0.0000000000E+000   0.0000000000E+000   0.0000000000E+000   0.0000000000E+000   0.0000000000E+000   1.7491487262E-003  -4.7356360021E-003
  -1.1932881575E-002   5.5094790070E-002   1.7754630775E-002  -6.8950897917E-002   1.9078373958E-002  -2.7075279719E-002  -3.2393226402E-002   3.2097529632E-001   4.1027279032E-001   8.3306820293E-001  -4.8158295857E-002   3.7162068609E-001   0.0000000000E+000   0.0000000000E+000   0.0000000000E+000   0.0000000000E+000   0.0000000000E+000   0.0000000000E+000   0.0000000000E+000   0.0000000000E+000   0.0000000000E+000   0.0000000000E+000  -4.4122643853E-003   7.8079796928E-003
   1.6245431370E-003  -5.5569315224E-003   1.5936029041E-003  -2.0216420783E-003  -4.8407946018E-003   2.4224829497E-002  -4.6624323536E-003   1.6476928424E-002   2.5304757317E-003  -4.8158295857E-002   1.9377492503E+000   4.1489154739E-001   0.0000000000E+000   0.0000000000E+000   0.0000000000E+000   0.0000000000E+000   0.0000000000E+000   0.0000000000E+000   0.0000000000E+000   0.0000000000E+000   0.0000000000E+000   0.0000000000E+000   0.0000000000E+000   0.0000000000E+000
  -5.9449514961E-003   1.5685169327E-002  -3.6721120270E-003  -4.5075169798E-003   2.0750546952E-002  -9.4777450866E-002   1.8807616908E-002  -1.6372250916E-002  -4.3136180206E-002   3.7162068609E-001   4.1489154739E-001   8.1261182860E-001   0.0000000000E+000   0.0000000000E+000   0.0000000000E+000   0.0000000000E+000   0.0000000000E+000   0.0000000000E+000   0.0000000000E+000   0.0000000000E+000   0.0000000000E+000   0.0000000000E+000   0.0000000000E+000   0.0000000000E+000
   0.0000000000E+000   0.0000000000E+000   0.0000000000E+000   0.0000000000E+000   0.0000000000E+000   0.0000000000E+000   0.0000000000E+000   0.0000000000E+000   0.0000000000E+000   0.0000000000E+000   0.0000000000E+000   0.0000000000E+000   1.9387631553E+000   4.1061984243E-001   3.8439652728E-003  -4.7451043743E-002  -1.1788802774E-002   4.8123217609E-002  -2.6649245155E-003   1.6955507017E-002   6.4992609884E-003  -2.3755155592E-002  -1.8303020024E-003   2.8310209595E-003
   0.0000000000E+000   0.0000000000E+000   0.0000000000E+000   0.0000000000E+000   0.0000000000E+000   0.0000000000E+000   0.0000000000E+000   0.0000000000E+000   0.0000000000E+000   0.0000000000E+000   0.0000000000E+000   0.0000000000E+000   4.1061984243E-001   8.3174319652E-001  -5.1154058759E-002   3.7671238993E-001   4.9340812251E-002  -1.6159739489E-001   2.2164790724E-002  -1.1570018502E-001  -2.4421546682E-002   8.2948563004E-002   1.0874064753E-003   1.4185473859E-002
   6.3967797801E-005  -9.9043267657E-004   0.0000000000E+000   0.0000000000E+000   0.0000000000E+000   0.0000000000E+000   0.0000000000E+000   0.0000000000E+000   0.0000000000E+000   0.0000000000E+000   0.0000000000E+000   0.0000000000E+000   3.8439652728E-003  -5.1154058759E-002   1.9412870574E+000   4.0213695370E-001  -9.8727125813E-004  -2.3471821172E-002  -1.5175375853E-002   6.5534505731E-002   1.3763016511E-003   2.3752177194E-003   7.0429030273E-003  -2.7184407684E-002
  -3.7785785984E-004   5.4434620655E-003   0.0000000000E+000   0.0000000000E+000   0.0000000000E+000   0.0000000000E+000   0.0000000000E+000   0.0000000000E+000   0.0000000000E+000   0.0000000000E+000   0.0000000000E+000   0.0000000000E+000  -4.7451043743E-002   3.7671238993E-001   4.0213695370E-001   8.6483946570E-001  -3.7283441395E-002   3.0267432676E-001   6.6579538736E-002  -2.4142871890E-001   4.9048459129E-003  -5.3128577110E-002  -2.8265087715E-002   1.0391728465E-001
   3.3249432834E-003  -1.1108873548E-002   5.6370619616E-003  -2.6801759529E-002   0.0000000000E+000   0.0000000000E+000   0.0000000000E+000   0.0000000000E+000   0.0000000000E+000   0.0000000000E+000   0.0000000000E+000   0.0000000000E+000  -1.1788802774E-002   4.9340812251E-002  -9.8727125813E-004  -3.7283441395E-002   1.9358845076E+000   4.1983540393E-001   3.9525210834E-003  -4.9632164581E-002  -6.8165825080E-003   3.0938177871E-002  -8.1058990300E-003   4.0207391753E-002
  -1.1108873548E-002   3.1280427069E-002  -2.6801759529E-002   1.2421271372E-001   0.0000000000E+000   0.0000000000E+000   0.0000000000E+000   0.0000000000E+000   0.0000000000E+000   0.0000000000E+000   0.0000000000E+000   0.0000000000E+000   4.8123217609E-002  -1.6159739489E-001  -2.3471821172E-002   3.0267432676E-001   4.1983540393E-001   8.0624084776E-001  -4.9632164579E-002   3.7859103846E-001   3.0938177875E-002  -9.7534787668E-002   4.0207391753E-002  -1.9345076482E-001
  -8.1058990264E-003   4.0207391739E-002   3.3249432837E-003  -1.1108873550E-002   5.6370619592E-003  -2.6801759519E-002   0.0000000000E+000   0.0000000000E+000   0.0000000000E+000   0.0000000000E+000   0.0000000000E+000   0.0000000000E+000  -2.6649245155E-003   2.2164790724E-002  -1.5175375853E-002   6.6579538736E-002   3.9525210834E-003  -4.9632164579E-002   1.9358845076E+000   4.1983540393E-001   3.9525210797E-003  -4.9632164560E-002  -6.8165825080E-003   3.0938177875E-002
   4.0207391740E-002  -1.9345076477E-001  -1.1108873548E-002   3.1280427072E-002  -2.6801759519E-002   1.2421271367E-001   0.0000000000E+000   0.0000000000E+000   0.0000000000E+000   0.0000000000E+000   0.0000000000E+000   0.0000000000E+000   1.6955507017E-002  -1.1570018502E-001   6.5534505731E-002  -2.4142871890E-001  -4.9632164581E-002   3.7859103846E-001   4.1983540393E-001   8.0624084774E-001  -4.9632164560E-002   3.7859103837E-001   3.0938177871E-002  -9.7534787667E-002
  -6.8165825083E-003   3.0938177874E-002  -8.1058990308E-003   4.0207391758E-002   3.3249432837E-003  -1.1108873548E-002   5.6370619616E-003  -2.6801759529E-002   0.0000000000E+000   0.0000000000E+000   0.0000000000E+000   0.0000000000E+000   6.4992609884E-003  -2.4421546682E-002   1.3763016511E-003   4.9048459129E-003  -6.8165825080E-003   3.0938177875E-002   3.9525210797E-003  -4.9632164560E-002   1.9358845076E+000   4.1983540393E-001   3.9525210834E-003  -4.9632164579E-002
   3.0938177876E-002  -9.7534787678E-002   4.0207391758E-002  -1.9345076484E-001  -1.1108873550E-002   3.1280427072E-002  -2.6801759529E-002   1.2421271372E-001   0.0000000000E+000   0.0000000000E+000   0.0000000000E+000   0.0000000000E+000  -2.3755155592E-002   8.2948563004E-002   2.3752177194E-003  -5.3128577110E-002   3.0938177871E-002  -9.7534787668E-002  -4.9632164560E-002   3.7859103837E-001   4.1983540393E-001   8.0624084774E-001  -4.9632164581E-002   3.7859103846E-001
   3.9525210801E-003  -4.9632164562E-002  -6.8165825084E-003   3.0938177876E-002  -8.1058990264E-003   4.0207391740E-002   3.3249432834E-003  -1.1108873548E-002   1.7491487262E-003  -4.4122643853E-003   0.0000000000E+000   0.0000000000E+000  -1.8303020024E-003   1.0874064753E-003   7.0429030273E-003  -2.8265087715E-002  -8.1058990300E-003   4.0207391753E-002  -6.8165825080E-003   3.0938177871E-002   3.9525210834E-003  -4.9632164581E-002   1.9358845076E+000   4.1983540393E-001
  -4.9632164562E-002   3.7859103838E-001   3.0938177874E-002  -9.7534787679E-002   4.0207391739E-002  -1.9345076477E-001  -1.1108873548E-002   3.1280427069E-002  -4.7356360021E-003   7.8079796928E-003   0.0000000000E+000   0.0000000000E+000   2.8310209595E-003   1.4185473859E-002  -2.7184407684E-002   1.0391728465E-001   4.0207391753E-002  -1.9345076482E-001   3.0938177875E-002  -9.7534787667E-002  -4.9632164579E-002   3.7859103846E-001   4.1983540393E-001   8.0624084776E-001
