 negf: iter    Charge      Bias [V]   Temperatu
negf:      1 1222.98679    0.00000    0.00190 Ry
negf:      2 1222.98679    0.00000    0.00190 Ry
