 negf: iter    Charge      Bias [V]   Temperatu
negf:      1 1222.98671    0.10290    0.00190 Ry
negf:      2 1222.98671    0.10290    0.00190 Ry
