# Projected DOS for atomic kind Au at iteration step i = 0, E(Fermi) =     0.335396 a.u.
#     MO Eigenvalue [a.u.]      Occupation                 s                py                pz                px               d-2               d-1                d0               d+1               d+2
       1          0.009179        2.000000        0.61815808        0.02067108        0.00096296        0.13484378        0.00000000        0.00009684        0.22220183        0.00063174        0.00243368
       2          0.009179        2.000000        0.61815804        0.13631368        0.00096296        0.01920119        0.00000000        0.00063863        0.22220186        0.00008996        0.00243368
       3          0.009179        2.000000        0.61815780        0.09869196        0.00096296        0.05682290        0.00000000        0.00046237        0.22220211        0.00026621        0.00243368
       4          0.009179        2.000000        0.61815778        0.05535301        0.00096296        0.10016186        0.00000000        0.00025933        0.22220212        0.00046926        0.00243368
       5          0.014333        2.000000        0.87934763        0.00000000        0.00011540        0.00000000        0.00000000        0.00000000        0.12053697        0.00000000        0.00000000
       6          0.023227        2.000000        0.41962625        0.07474224        0.00500218        0.07474224        0.01329705        0.00281024        0.40696957        0.00281024        0.00000000
       7          0.023227        2.000000        0.41962605        0.07474219        0.00500218        0.07474218        0.01329705        0.00281024        0.40696987        0.00281024        0.00000000
       8          0.023227        2.000000        0.41962604        0.07474219        0.00500218        0.07474218        0.01329705        0.00281024        0.40696988        0.00281024        0.00000000
       9          0.023227        2.000000        0.41962583        0.07474213        0.00500219        0.07474213        0.01329705        0.00281024        0.40697018        0.00281024        0.00000000
      10          0.036427        2.000000        0.19296511        0.03955673        0.00396047        0.05107948        0.00000000        0.00401577        0.67863905        0.00518555        0.02459783
      11          0.036427        2.000000        0.19296513        0.05077043        0.00396047        0.03986580        0.00000000        0.00515418        0.67863903        0.00404715        0.02459783
      12          0.036427        2.000000        0.19296498        0.04613573        0.00396047        0.04450043        0.00000000        0.00468367        0.67863921        0.00451766        0.02459785
      13          0.036427        2.000000        0.19296498        0.04480949        0.00396047        0.04582666        0.00000000        0.00454904        0.67863920        0.00465230        0.02459785
      14          0.039495        2.000000        0.17351130        0.03911301        0.00649924        0.01805048        0.00638902        0.01397192        0.72304106        0.00974509        0.00967887
      15          0.039495        2.000000        0.17351130        0.01805109        0.00649924        0.03911240        0.00638902        0.00974522        0.72304107        0.01397180        0.00967887
      16          0.039495        2.000000        0.17351136        0.02511512        0.00649923        0.03204838        0.00638903        0.01116283        0.72304098        0.01255419        0.00967888
      17          0.039495        2.000000        0.17351136        0.03203950        0.00649923        0.02512402        0.00638903        0.01255241        0.72304097        0.01116461        0.00967888
      18          0.039495        2.000000        0.17351132        0.02581490        0.00649923        0.03134855        0.00638902        0.01130325        0.72304112        0.01241375        0.00967886
      19          0.039495        2.000000        0.17351132        0.03126206        0.00649923        0.02590138        0.00638902        0.01239639        0.72304113        0.01132061        0.00967886
      20          0.039495        2.000000        0.17351138        0.03049388        0.00649922        0.02666958        0.00638903        0.01224223        0.72304105        0.01147477        0.00967887
      21          0.039495        2.000000        0.17351138        0.02676434        0.00649922        0.03039913        0.00638902        0.01149379        0.72304103        0.01222322        0.00967887
      22          0.043998        2.000000        0.16567124        0.01510660        0.00575884        0.01510660        0.00997385        0.02284480        0.74269327        0.02284480        0.00000000
      23          0.043998        2.000000        0.16567124        0.01510660        0.00575884        0.01510660        0.00997385        0.02284480        0.74269327        0.02284480        0.00000000
      24          0.044195        2.000000        0.11994199        0.01272040        0.00306521        0.01272040        0.00080794        0.00704556        0.79255376        0.00704556        0.04409917
      25          0.044195        2.000000        0.11994206        0.01272039        0.00306521        0.01272039        0.00080794        0.00704556        0.79255377        0.00704556        0.04409912
      26          0.044195        2.000000        0.11994206        0.01272039        0.00306521        0.01272039        0.00080794        0.00704556        0.79255377        0.00704556        0.04409912
      27          0.044195        2.000000        0.11994211        0.01272038        0.00306521        0.01272038        0.00080794        0.00704556        0.79255380        0.00704556        0.04409906
      28          0.044596        2.000000        0.11596569        0.01020969        0.00143738        0.00920646        0.00000000        0.00293893        0.77814587        0.00265014        0.07944586
      29          0.044596        2.000000        0.11596569        0.00921064        0.00143738        0.01020550        0.00000000        0.00265134        0.77814587        0.00293772        0.07944586
      30          0.044596        2.000000        0.11596576        0.00612609        0.00143738        0.01329004        0.00000000        0.00176344        0.77814590        0.00382562        0.07944577
      31          0.044596        2.000000        0.11596576        0.01328586        0.00143738        0.00613028        0.00000000        0.00382442        0.77814589        0.00176464        0.07944577
      32          0.045688        2.000000        0.11277405        0.00000000        0.00015525        0.00000000        0.00000000        0.00000000        0.75406396        0.00000000        0.13300674
      33          0.047783        2.000000        0.30087088        0.00000000        0.13850295        0.00000000        0.00000000        0.00000000        0.56062617        0.00000000        0.00000000
      34          0.054570        2.000000        0.53839651        0.00000000        0.41310990        0.00000000        0.00000000        0.00000000        0.04849358        0.00000000        0.00000000
      35          0.056629        2.000000        0.27061699        0.02722175        0.06800128        0.05222196        0.00000000        0.01115327        0.54809436        0.02139633        0.00129406
      36          0.056629        2.000000        0.27061699        0.05222786        0.06800128        0.02721587        0.00000000        0.02139874        0.54809435        0.01115085        0.00129406
      37          0.056629        2.000000        0.27061712        0.04091257        0.06800123        0.03853124        0.00000000        0.01676266        0.54809413        0.01578698        0.00129406
      38          0.056629        2.000000        0.27061712        0.03852536        0.06800123        0.04091846        0.00000000        0.01578457        0.54809413        0.01676507        0.00129406
      39          0.056965        2.000000        0.05291557        0.01439614        0.00367668        0.01439614        0.04195399        0.43613594        0.00038959        0.43613594        0.00000000
      40          0.056965        2.000000        0.05291557        0.01439614        0.00367668        0.01439614        0.04195399        0.43613594        0.00038959        0.43613594        0.00000000
      41          0.058977        2.000000        0.38635078        0.00000000        0.27726700        0.00000000        0.00000000        0.00000000        0.33638222        0.00000000        0.00000000
      42          0.063054        2.000000        0.32710923        0.05990668        0.06469588        0.05990668        0.04028832        0.12119369        0.20570584        0.12119368        0.00000000
      43          0.063054        2.000000        0.32710920        0.05990668        0.06469585        0.05990665        0.04028838        0.12119401        0.20570528        0.12119395        0.00000000
      44          0.063054        2.000000        0.32710919        0.05990665        0.06469584        0.05990668        0.04028838        0.12119393        0.20570532        0.12119400        0.00000000
      45          0.063054        2.000000        0.32710917        0.05990666        0.06469580        0.05990666        0.04028843        0.12119424        0.20570482        0.12119422        0.00000000
      46          0.064644        2.000000        0.01628414        0.01621979        0.00189020        0.01621979        0.00887212        0.46582766        0.00187825        0.46582766        0.00698037
      47          0.064645        2.000000        0.01628415        0.01621979        0.00189020        0.01621979        0.00887212        0.46582767        0.00187825        0.46582766        0.00698037
      48          0.064645        2.000000        0.01628415        0.01621979        0.00189020        0.01621979        0.00887212        0.46582767        0.00187825        0.46582766        0.00698037
      49          0.064645        2.000000        0.01628415        0.01621979        0.00189020        0.01621979        0.00887212        0.46582767        0.00187825        0.46582767        0.00698037
      50          0.064988        2.000000        0.05983531        0.03308837        0.01229101        0.00927650        0.03030086        0.43928322        0.00131167        0.41249763        0.00211544
      51          0.064988        2.000000        0.05983530        0.00930891        0.01229101        0.03305597        0.03030086        0.41253409        0.00131167        0.43924676        0.00211544
      52          0.064988        2.000000        0.05983533        0.00916034        0.01229101        0.03320454        0.03030086        0.41236700        0.00131167        0.43941380        0.00211544
      53          0.064988        2.000000        0.05983533        0.03316851        0.01229101        0.00919636        0.03030086        0.43937326        0.00131167        0.41240755        0.00211544
      54          0.064988        2.000000        0.05983532        0.02386349        0.01229099        0.01850138        0.03030086        0.42890624        0.00131167        0.42287461        0.00211544
      55          0.064988        2.000000        0.05983532        0.01851125        0.01229098        0.02385365        0.03030086        0.42288570        0.00131167        0.42889513        0.00211544
      56          0.064988        2.000000        0.05983535        0.02003832        0.01229099        0.02232657        0.03030086        0.42460343        0.00131167        0.42717736        0.00211544
      57          0.064988        2.000000        0.05983535        0.02232033        0.01229099        0.02004456        0.03030086        0.42717036        0.00131167        0.42461044        0.00211544
      58          0.070445        2.000000        0.00000000        0.00552926        0.00000000        0.01740138        0.00000000        0.23560052        0.00000000        0.74146884        0.00000000
      59          0.070445        2.000000        0.00000000        0.01740138        0.00000000        0.00552926        0.00000000        0.74146884        0.00000000        0.23560052        0.00000000
      60          0.074089        2.000000        0.00743616        0.01598638        0.00884593        0.00758572        0.00000000        0.63782125        0.00466920        0.30265360        0.01500175
      61          0.074089        2.000000        0.00743616        0.00758451        0.00884593        0.01598759        0.00000000        0.30260527        0.00466920        0.63786957        0.01500175
      62          0.074089        2.000000        0.00743616        0.01187334        0.00884593        0.01169877        0.00000000        0.47371980        0.00466920        0.46675502        0.01500177
      63          0.074089        2.000000        0.00743616        0.01169998        0.00884593        0.01187213        0.00000000        0.46680335        0.00466920        0.47367148        0.01500177
      64          0.075160        2.000000        0.46721628        0.12100209        0.32469100        0.00367960        0.00000000        0.05288900        0.02745249        0.00160832        0.00146123
      65          0.075160        2.000000        0.46721628        0.00370506        0.32469101        0.12097662        0.00000000        0.00161945        0.02745249        0.05287787        0.00146123
      66          0.075160        2.000000        0.46721623        0.11349678        0.32469098        0.01118494        0.00000000        0.04960853        0.02745246        0.00488885        0.00146123
      67          0.075160        2.000000        0.46721624        0.01115949        0.32469097        0.11352224        0.00000000        0.00487772        0.02745247        0.04961965        0.00146123
      68          0.075524        2.000000        0.31923635        0.10061226        0.20567990        0.00823785        0.00000000        0.13729885        0.21615114        0.01124164        0.00154200
      69          0.075524        2.000000        0.31923636        0.00824356        0.20567991        0.10060653        0.00000000        0.01124944        0.21615114        0.13729105        0.00154200
      70          0.075524        2.000000        0.31923620        0.08580743        0.20567979        0.02304269        0.00000000        0.11709593        0.21615108        0.03144489        0.00154200
      71          0.075524        2.000000        0.31923621        0.02303697        0.20567980        0.08581313        0.00000000        0.03143709        0.21615108        0.11710372        0.00154200
      72          0.077141        2.000000        0.00000000        0.00909510        0.00000000        0.01192548        0.00502221        0.42140781        0.00000000        0.55254940        0.00000000
      73          0.077141        2.000000        0.00000000        0.01192712        0.00000000        0.00909346        0.00502221        0.55262534        0.00000000        0.42133187        0.00000000
      74          0.077141        2.000000        0.00000000        0.00422533        0.00000000        0.01679525        0.00502221        0.19577438        0.00000000        0.77818283        0.00000000
      75          0.077141        2.000000        0.00000000        0.01679361        0.00000000        0.00422697        0.00502221        0.77810689        0.00000000        0.19585032        0.00000000
      76          0.077384        2.000000        0.16177222        0.05560746        0.04473806        0.05560746        0.07599975        0.13801604        0.33024297        0.13801604        0.00000000
      77          0.077384        2.000000        0.16177215        0.05560748        0.04473793        0.05560748        0.07599985        0.13801600        0.33024312        0.13801599        0.00000000
      78          0.077384        2.000000        0.16177215        0.05560749        0.04473792        0.05560748        0.07599982        0.13801599        0.33024317        0.13801598        0.00000000
      79          0.077384        2.000000        0.16177208        0.05560750        0.04473781        0.05560750        0.07599995        0.13801594        0.33024327        0.13801594        0.00000000
      80          0.084078        2.000000        0.38073361        0.06307600        0.20252461        0.06307600        0.10867120        0.08417762        0.01356334        0.08417762        0.00000000
      81          0.084078        2.000000        0.38073349        0.06307597        0.20252447        0.06307596        0.10867141        0.08417769        0.01356333        0.08417768        0.00000000
      82          0.084078        2.000000        0.38073348        0.06307594        0.20252451        0.06307595        0.10867142        0.08417769        0.01356333        0.08417769        0.00000000
      83          0.084078        2.000000        0.38073336        0.06307591        0.20252436        0.06307592        0.10867163        0.08417775        0.01356332        0.08417775        0.00000000
      84          0.084747        2.000000        0.07897013        0.03622901        0.04383953        0.03497391        0.00000000        0.40425255        0.00354235        0.39024779        0.00794473
      85          0.084747        2.000000        0.07897011        0.03497509        0.04383952        0.03622781        0.00000000        0.39026113        0.00354235        0.40423926        0.00794473
      86          0.084747        2.000000        0.07897007        0.02822709        0.04383950        0.04297583        0.00000000        0.31496508        0.00354235        0.47953536        0.00794473
      87          0.084747        2.000000        0.07897006        0.04297462        0.04383950        0.02822827        0.00000000        0.47952207        0.00354235        0.31497840        0.00794473
      88          0.091309        2.000000        0.20420506        0.00627731        0.00061637        0.00627731        0.31775914        0.17785632        0.10915217        0.17785632        0.00000000
      89          0.091309        2.000000        0.20420506        0.00627731        0.00061637        0.00627731        0.31775914        0.17785632        0.10915217        0.17785632        0.00000000
      90          0.093090        2.000000        0.01436559        0.00479493        0.00679550        0.00479493        0.00800086        0.46047585        0.00786849        0.46047585        0.03242801
      91          0.093091        2.000000        0.01436560        0.00479493        0.00679550        0.00479493        0.00800086        0.46047585        0.00786847        0.46047587        0.03242799
      92          0.093091        2.000000        0.01436560        0.00479493        0.00679550        0.00479493        0.00800087        0.46047586        0.00786847        0.46047585        0.03242800
      93          0.093091        2.000000        0.01436561        0.00479493        0.00679550        0.00479493        0.00800087        0.46047587        0.00786845        0.46047586        0.03242798
      94          0.094221        2.000000        0.00000000        0.00714426        0.00000000        0.00882907        0.02374809        0.42949597        0.00000000        0.53078260        0.00000000
      95          0.094221        2.000000        0.00000000        0.00882923        0.00000000        0.00714410        0.02374809        0.53079210        0.00000000        0.42948648        0.00000000
      96          0.094221        2.000000        0.00000000        0.00962229        0.00000000        0.00635104        0.02374809        0.57846923        0.00000000        0.38180936        0.00000000
      97          0.094221        2.000000        0.00000000        0.00635088        0.00000000        0.00962245        0.02374809        0.38179987        0.00000000        0.57847872        0.00000000
      98          0.094739        2.000000        0.23315409        0.02497273        0.00231389        0.02497274        0.28218009        0.21612826        0.00014993        0.21612826        0.00000000
      99          0.094739        2.000000        0.23315409        0.02497274        0.00231389        0.02497274        0.28218010        0.21612826        0.00014993        0.21612826        0.00000000
     100          0.096188        2.000000        0.05994622        0.00000000        0.00019233        0.00000000        0.00000000        0.00000000        0.17183961        0.00000000        0.76802184
     101          0.096604        2.000000        0.25511525        0.27517850        0.01303568        0.04027306        0.00000000        0.07733661        0.20618261        0.01131840        0.12155988
     102          0.096604        2.000000        0.25511525        0.04027719        0.01303567        0.27517437        0.00000000        0.01131957        0.20618261        0.07733545        0.12155988
     103          0.096604        2.000000        0.25511515        0.30434022        0.01303567        0.01111147        0.00000000        0.08553214        0.20618249        0.00312278        0.12156007
     104          0.096604        2.000000        0.25511514        0.01110734        0.01303567        0.30434435        0.00000000        0.00312162        0.20618249        0.08553332        0.12156007
     105          0.098407        2.000000        0.14924978        0.00818219        0.09489460        0.00818219        0.22710686        0.23545944        0.04146546        0.23545947        0.00000000
     106          0.098407        2.000000        0.14924985        0.00818219        0.09489456        0.00818220        0.22710724        0.23545928        0.04146540        0.23545928        0.00000000
     107          0.098407        2.000000        0.14924984        0.00818219        0.09489456        0.00818219        0.22710723        0.23545930        0.04146539        0.23545928        0.00000000
     108          0.098407        2.000000        0.14924989        0.00818220        0.09489453        0.00818220        0.22710761        0.23545911        0.04146532        0.23545914        0.00000000
     109          0.101231        2.000000        0.21271831        0.09682815        0.03227554        0.02855926        0.16851338        0.28694177        0.00650590        0.13969919        0.02795850
     110          0.101231        2.000000        0.21271830        0.02850099        0.03227554        0.09688640        0.16851339        0.13957354        0.00650590        0.28706743        0.02795850
     111          0.101231        2.000000        0.21271821        0.07279138        0.03227552        0.05259590        0.16851358        0.23509933        0.00650591        0.19154168        0.02795848
     112          0.101231        2.000000        0.21271821        0.05268242        0.03227553        0.07270487        0.16851355        0.19172827        0.00650591        0.23491275        0.02795849
     113          0.101231        2.000000        0.21271828        0.04508424        0.03227550        0.08030319        0.16851335        0.17534039        0.00650588        0.25130062        0.02795855
     114          0.101231        2.000000        0.21271828        0.08032370        0.03227550        0.04506372        0.16851337        0.25134488        0.00650589        0.17529613        0.02795854
     115          0.101231        2.000000        0.21271818        0.09820893        0.03227549        0.02717836        0.16851354        0.28991993        0.00650590        0.13672114        0.02795853
     116          0.101231        2.000000        0.21271818        0.02712959        0.03227549        0.09825771        0.16851355        0.13661595        0.00650590        0.29002512        0.02795853
     117          0.103607        2.000000        0.22765907        0.05648919        0.04390459        0.05123501        0.19665419        0.20869703        0.00048020        0.20767668        0.00720404
     118          0.103607        2.000000        0.22765905        0.05039568        0.04390459        0.05732849        0.19665421        0.20751370        0.00048020        0.20886003        0.00720404
     119          0.103607        2.000000        0.22765909        0.07048667        0.04390460        0.03723754        0.19665421        0.21141526        0.00048020        0.20495840        0.00720405
     120          0.103607        2.000000        0.22765907        0.03812297        0.04390459        0.06960124        0.19665423        0.20513034        0.00048020        0.21124332        0.00720405
     121          0.103607        2.000000        0.22765903        0.03389569        0.04390457        0.07382849        0.19665420        0.20430954        0.00048020        0.21206421        0.00720406
     122          0.103607        2.000000        0.22765903        0.07360340        0.04390459        0.03412076        0.19665422        0.21202051        0.00048020        0.20435325        0.00720405
     123          0.103607        2.000000        0.22765904        0.05608665        0.04390458        0.05163754        0.19665423        0.20861884        0.00048020        0.20775486        0.00720406
     124          0.103607        2.000000        0.22765905        0.05181650        0.04390459        0.05590768        0.19665423        0.20778960        0.00048019        0.20858409        0.00720406
     125          0.103659        2.000000        0.00000000        0.00000000        0.00000000        0.00000000        1.00000000        0.00000000        0.00000000        0.00000000        0.00000000
     126          0.107315        2.000000        0.07118558        0.04855500        0.00131559        0.03387162        0.00000000        0.00095137        0.18853540        0.00066367        0.65492178
     127          0.107315        2.000000        0.07118558        0.03387411        0.00131559        0.04855250        0.00000000        0.00066372        0.18853539        0.00095132        0.65492179
     128          0.107315        2.000000        0.07118569        0.05193231        0.00131559        0.03049438        0.00000000        0.00101755        0.18853541        0.00059750        0.65492156
     129          0.107315        2.000000        0.07118569        0.03049189        0.00131559        0.05193479        0.00000000        0.00059745        0.18853540        0.00101760        0.65492158
     130          0.107533        2.000000        0.18973870        0.14833582        0.00844777        0.01973452        0.27355990        0.07520009        0.19086920        0.05630439        0.03780960
     131          0.107533        2.000000        0.18973870        0.01962201        0.00844777        0.14844834        0.27355990        0.05628785        0.19086919        0.07521663        0.03780961
     132          0.107533        2.000000        0.18973854        0.08835127        0.00844776        0.07971914        0.27355985        0.06638656        0.19086899        0.06511822        0.03780967
     133          0.107533        2.000000        0.18973854        0.07983075        0.00844776        0.08823965        0.27355987        0.06513460        0.19086903        0.06637014        0.03780967
     134          0.107533        2.000000        0.18973860        0.06955021        0.00844777        0.09852004        0.27355994        0.06362410        0.19086898        0.06788072        0.03780964
     135          0.107533        2.000000        0.18973860        0.09840310        0.00844778        0.06966714        0.27355995        0.06786353        0.19086900        0.06364127        0.03780963
     136          0.107533        2.000000        0.18973843        0.08891538        0.00844776        0.07915492        0.27355990        0.06646963        0.19086878        0.06503549        0.03780970
     137          0.107533        2.000000        0.18973844        0.07927275        0.00844776        0.08879756        0.27355990        0.06505278        0.19086881        0.06645230        0.03780970
     138          0.109361        2.000000        0.10237183        0.00000000        0.07512966        0.00000000        0.00000000        0.00000000        0.82249851        0.00000000        0.00000000
     139          0.113166        2.000000        0.00000000        0.01136411        0.00000000        0.00093020        0.12511926        0.79732265        0.00000000        0.06526379        0.00000000
     140          0.113166        2.000000        0.00000000        0.00093020        0.00000000        0.01136411        0.12511926        0.06526399        0.00000000        0.79732245        0.00000000
     141          0.113166        2.000000        0.00000000        0.01081959        0.00000000        0.00147471        0.12511912        0.75911858        0.00000000        0.10346800        0.00000000
     142          0.113166        2.000000        0.00000000        0.00147471        0.00000000        0.01081959        0.12511909        0.10346783        0.00000000        0.75911878        0.00000000
     143          0.115094        2.000000        0.00000000        0.00354956        0.00000000        0.01890455        0.00000000        0.15453091        0.00000000        0.82301499        0.00000000
     144          0.115094        2.000000        0.00000000        0.01890455        0.00000000        0.00354956        0.00000000        0.82301499        0.00000000        0.15453091        0.00000000
     145          0.115555        2.000000        0.08629557        0.00083489        0.10263053        0.01985341        0.00000000        0.02186396        0.24494410        0.51991453        0.00366301
     146          0.115555        2.000000        0.08629557        0.01985350        0.10263053        0.00083479        0.00000000        0.51991718        0.24494411        0.02186130        0.00366301
     147          0.115555        2.000000        0.08629564        0.00648113        0.10263060        0.01420717        0.00000000        0.16972592        0.24494311        0.37205341        0.00366302
     148          0.115555        2.000000        0.08629565        0.01420707        0.10263061        0.00648122        0.00000000        0.37205077        0.24494305        0.16972860        0.00366302
     149          0.115937        2.000000        0.21558780        0.06812337        0.01192755        0.06812337        0.54243970        0.01803334        0.05773152        0.01803334        0.00000000
     150          0.115937        2.000000        0.21558780        0.06812337        0.01192755        0.06812337        0.54243970        0.01803334        0.05773152        0.01803334        0.00000000
     151          0.117019        2.000000        0.00000000        0.03050423        0.00000000        0.00031852        0.91468673        0.05392740        0.00000000        0.00056311        0.00000000
     152          0.117019        2.000000        0.00000000        0.00031760        0.00000000        0.03050516        0.91468669        0.00056146        0.00000000        0.05392910        0.00000000
     153          0.117019        2.000000        0.00000000        0.02216968        0.00000000        0.00865312        0.91468756        0.03919235        0.00000000        0.01529730        0.00000000
     154          0.117019        2.000000        0.00000000        0.00865404        0.00000000        0.02216876        0.91468762        0.01529892        0.00000000        0.03919066        0.00000000
     155          0.119917        2.000000        0.06095652        0.03623992        0.00670762        0.05446281        0.01278743        0.44602814        0.02514353        0.33457236        0.02310166
     156          0.119917        2.000000        0.06095650        0.05482467        0.00670762        0.03587802        0.01278742        0.33235911        0.02514353        0.44824147        0.02310165
     157          0.119917        2.000000        0.06095640        0.04498791        0.00670763        0.04571475        0.01278739        0.39252311        0.02514347        0.38807768        0.02310167
     158          0.119917        2.000000        0.06095638        0.04537897        0.00670762        0.04532363        0.01278738        0.39013120        0.02514346        0.39046968        0.02310167
     159          0.119917        2.000000        0.06095673        0.03415100        0.00670762        0.05655195        0.01278751        0.45880454        0.02514359        0.32179542        0.02310166
     160          0.119917        2.000000        0.06095670        0.05714214        0.00670761        0.03356076        0.01278750        0.31818560        0.02514358        0.46241446        0.02310166
     161          0.119917        2.000000        0.06095657        0.03571686        0.00670762        0.05498597        0.01278745        0.44922771        0.02514351        0.33137264        0.02310166
     162          0.119917        2.000000        0.06095661        0.05436966        0.00670761        0.03633322        0.01278747        0.33514228        0.02514353        0.44545794        0.02310168
     163          0.120506        2.000000        0.08384460        0.02982329        0.00633562        0.02982329        0.06642771        0.36194650        0.02148237        0.36194648        0.03837015
     164          0.120506        2.000000        0.08384461        0.02982327        0.00633562        0.02982328        0.06642771        0.36194684        0.02148233        0.36194624        0.03837009
     165          0.120506        2.000000        0.08384462        0.02982328        0.00633562        0.02982327        0.06642771        0.36194624        0.02148234        0.36194683        0.03837010
     166          0.120506        2.000000        0.08384464        0.02982326        0.00633562        0.02982326        0.06642771        0.36194657        0.02148230        0.36194659        0.03837005
     167          0.121024        2.000000        0.29238095        0.20452808        0.14591302        0.04106789        0.00000000        0.22340804        0.00839984        0.04485886        0.03944333
     168          0.121024        2.000000        0.29238096        0.04114530        0.14591299        0.20445068        0.00000000        0.04494342        0.00839984        0.22332349        0.03944333
     169          0.121024        2.000000        0.29238078        0.02280715        0.14591297        0.22278881        0.00000000        0.02491249        0.00839987        0.24335455        0.03944338
     170          0.121024        2.000000        0.29238080        0.22271140        0.14591294        0.02288457        0.00000000        0.24326999        0.00839987        0.02499705        0.03944337
     171          0.121076        2.000000        0.06446883        0.06487688        0.00066301        0.06487688        0.00446172        0.00056798        0.18898960        0.00056798        0.61052713
     172          0.121076        2.000000        0.06446888        0.06487691        0.00066301        0.06487690        0.00446173        0.00056797        0.18898956        0.00056798        0.61052705
     173          0.121076        2.000000        0.06446888        0.06487690        0.00066301        0.06487691        0.00446173        0.00056798        0.18898957        0.00056797        0.61052704
     174          0.121076        2.000000        0.06446893        0.06487694        0.00066301        0.06487694        0.00446174        0.00056797        0.18898953        0.00056797        0.61052697
     175          0.121708        2.000000        0.04178860        0.01649894        0.00995498        0.01649894        0.70141394        0.02118697        0.17147062        0.02118701        0.00000000
     176          0.121708        2.000000        0.04178862        0.01649893        0.00995499        0.01649892        0.70141354        0.02118706        0.17147098        0.02118696        0.00000000
     177          0.121708        2.000000        0.04178862        0.01649891        0.00995499        0.01649891        0.70141353        0.02118700        0.17147102        0.02118702        0.00000000
     178          0.121708        2.000000        0.04178865        0.01649890        0.00995500        0.01649890        0.70141309        0.02118704        0.17147140        0.02118702        0.00000000
     179          0.122502        2.000000        0.00523796        0.00000000        0.07175915        0.00000000        0.00000000        0.00000000        0.01990384        0.00000000        0.90309905
     180          0.122955        2.000000        0.04964220        0.00000000        0.02439244        0.00000000        0.00000000        0.00000000        0.31991870        0.00000000        0.60604666
     181          0.123136        2.000000        0.00000000        0.00852900        0.00000000        0.01201103        0.00851711        0.40317240        0.00000000        0.56777046        0.00000000
     182          0.123136        2.000000        0.00000000        0.01201257        0.00000000        0.00852744        0.00851711        0.56784386        0.00000000        0.40309901        0.00000000
     183          0.123136        2.000000        0.00000000        0.00173753        0.00000000        0.01880249        0.00851712        0.08213443        0.00000000        0.88880844        0.00000000
     184          0.123136        2.000000        0.00000000        0.01880093        0.00000000        0.00173908        0.00851712        0.88873504        0.00000000        0.08220783        0.00000000
     185          0.123361        2.000000        0.01691512        0.00071160        0.02256747        0.00838201        0.00000000        0.06805225        0.01175939        0.80159203        0.07002013
     186          0.123361        2.000000        0.01691512        0.00838157        0.02256747        0.00071204        0.00000000        0.80154979        0.01175939        0.06809449        0.07002013
     187          0.123361        2.000000        0.01691515        0.00442067        0.02256745        0.00467290        0.00000000        0.42276054        0.01175947        0.44688305        0.07002078
     188          0.123361        2.000000        0.01691515        0.00467335        0.02256745        0.00442023        0.00000000        0.44692531        0.01175946        0.42271832        0.07002074
     189          0.124267        2.000000        0.00000000        0.00213422        0.00000000        0.00085545        0.00000000        0.71173010        0.00000000        0.28528022        0.00000000
     190          0.124267        2.000000        0.00000000        0.00085545        0.00000000        0.00213422        0.00000000        0.28528022        0.00000000        0.71173010        0.00000000
     191          0.124952        2.000000        0.01290237        0.00000000        0.08214938        0.00000000        0.00000000        0.00000000        0.03532048        0.00000000        0.86962776
     192          0.125157        2.000000        0.00000000        0.00000000        0.00000000        0.00000000        1.00000000        0.00000000        0.00000000        0.00000000        0.00000000
     193          0.126523        2.000000        0.02165080        0.00926957        0.03024649        0.00926957        0.02541965        0.42557448        0.00091996        0.42557452        0.05207497
