 negf: iter    Charge      Bias [V]   Temperatu
negf:      1 1222.98698    0.07350    0.00190 Ry
negf:      2 1222.98698    0.07350    0.00190 Ry
