 negf: iter    Charge      Bias [V]   Temperatu
negf:      1   98.99686    0.00000    0.00190 Ry
negf:      2   98.99686    0.00000    0.00190 Ry
